100
57694195
34125153
91472725
80695986
80435381
99358280
15344486
62615506
49118023
41425888
61818910
16446224
24817478
98971753
11017452
30957066
98688497
58957414
1641031
97241938
67235154
86008660
15018876
57858359
79898634
70740992
36153313
4862847
98568807
3638633
54799871
56263002
37763786
46272597
36958989
18199168
45630877
52303476
80814674
94748900
93729364
42633585
11195125
18546842
41605338
22212578
49503909
40293835
81169992
51144941
37535773
48405147
37153601
52554650
6263506
17052236
23295642
42416820
21915083
21864450
46055453
76714955
78127452
83819240
22987552
15086442
2018409
68618430
67389918
82833083
63367331
61119283
25466669
74562456
79666126
67072007
96775035
29170035
7365843
77945027
80314977
44901616
26350175
17468579
97456266
32613681
34520815
20751909
75030501
56435898
42616359
21085955
33150854
20743812
4905196
56138406
35830254
6923605
24756836
3220173
