1000
57694195
34125153
91472725
80695986
80435381
99358280
15344486
62615506
49118023
41425888
61818910
16446224
24817478
98971753
11017452
30957066
98688497
58957414
1641031
97241938
67235154
86008660
15018876
57858359
79898634
70740992
36153313
4862847
98568807
3638633
54799871
56263002
37763786
46272597
36958989
18199168
45630877
52303476
80814674
94748900
93729364
42633585
11195125
18546842
41605338
22212578
49503909
40293835
81169992
51144941
37535773
48405147
37153601
52554650
6263506
17052236
23295642
42416820
21915083
21864450
46055453
76714955
78127452
83819240
22987552
15086442
2018409
68618430
67389918
82833083
63367331
61119283
25466669
74562456
79666126
67072007
96775035
29170035
7365843
77945027
80314977
44901616
26350175
17468579
97456266
32613681
34520815
20751909
75030501
56435898
42616359
21085955
33150854
20743812
4905196
56138406
35830254
6923605
24756836
3220173
89756689
88124167
64339456
15223358
62686624
44005582
82295365
59461659
73175618
89661209
37406687
53490595
34562825
63756862
70959174
32019092
96370544
5479990
52771002
71401045
61915888
95387361
92487001
95066742
16131173
97392197
51205149
51961428
4315803
75961986
55181601
94072492
64086153
19521058
9295850
26772778
63526640
91591216
86234438
36702259
81252425
23641125
90192854
15815251
87397987
61152029
47834344
83768532
66632019
605346
55169577
28547908
95992707
47656579
23614651
12123881
45048777
74819800
64085309
49364580
50781786
19266911
43437072
14867940
38787969
52732923
41640719
2314610
44324139
27875157
39016869
25576565
51516283
29209724
41391816
38914271
90361754
89226161
22682803
56993773
89831507
77852381
85541682
85824214
25508960
9156333
97948096
70557737
83976134
62033405
19922318
34757921
81300317
63359391
49625862
20088286
16092314
91266581
22402897
60416454
19141739
61419767
85993019
70658022
90629492
27384836
9572293
80991246
16610997
32255096
37985020
6442505
10107477
23526702
92266720
35616438
32683036
90214816
6174176
16659171
52248222
26096494
51417092
33548539
89455885
1042955
53636826
5548199
92309537
76039723
65964654
11451276
37459491
51957674
82109299
28088983
79342511
91681592
9080229
95953509
23936689
47065249
2396014
34044167
70591952
94662734
69660605
3274988
84877551
75834781
19934159
37125773
1931275
71351252
70674313
91387161
72394208
24311139
96935361
64703745
350863
62900015
76155021
37810354
14857689
58264320
65899337
94200200
49945913
74979566
90153710
73882602
22044816
92549724
7926769
92636768
87212459
77587375
95911757
72090010
53422156
15845917
9215784
55353432
87197170
79890097
46740593
59591378
4201236
43675954
24295123
4552100
6575970
450145
42362454
21433659
58714465
8261791
15633860
8660379
83241358
5787570
82542982
5286174
98337295
90469752
97922943
85549754
68057127
93834701
57639765
21479283
9680618
66855549
76832716
96877789
46745647
23573309
56469167
50946884
67249264
80764291
55498984
73825234
81214436
97861438
95258894
39928902
6123230
10892755
48589281
89364588
16680325
31132263
94650763
15017621
21602015
92573706
567376
89659142
86408408
58207141
11138426
96089026
25062691
87971142
92966816
71808338
11544452
49435983
22755222
78793716
30200275
78254207
52618951
11414711
76115645
47877845
51343613
82238875
58770600
99932894
71603464
75450926
31065158
66254227
90468548
52667173
58827934
91035924
42326316
45236342
49243065
53464742
41325368
74305757
41435885
34292185
46114095
52980338
83728168
68869318
31774054
13928443
47123525
84393006
25343155
23239171
32270852
76686768
5478047
91041452
76619663
77081511
66492379
7684821
43335738
56960927
60351995
2163672
47996851
2678312
47400014
97239917
56143054
88725383
71545674
97578940
23017568
17659770
50559278
6745737
86529088
82333333
20674181
33652614
66726340
46017336
56891786
98997192
22704105
62369833
90038645
99323768
39451344
56531024
7008590
82787083
13491952
67360586
84950755
61488804
70038898
32350770
58728722
26181953
21076154
30274396
23760893
44093722
47934167
74320172
50839460
34463256
56653506
71513642
68115870
23379846
17530978
25007657
22377038
40235083
87377490
12415683
39558852
26828835
68946708
46567443
9615918
82438660
13928029
94566674
43927465
83966927
26917444
2656187
10148880
47993598
32930584
33909774
92087321
80864751
8229946
42926782
15328007
64883452
14440424
83443878
88263298
31971403
8451535
10640337
72206487
95829025
23056020
11765339
22657861
92002728
58332782
32273779
74441389
72260811
26840453
18368854
56227739
53757898
21025042
66376619
1751497
53955626
286393
93838819
34820377
8516340
36765601
50148385
73399793
51206026
33592263
61663091
83177429
42043799
72303429
55383916
37872825
95359449
67149255
60530686
87362178
25482038
92804465
61803567
97742850
19644919
80172422
53970589
73402817
1197464
20347209
75154314
55153090
20633603
68993133
89973468
29149943
5758735
40121853
2549736
56964761
73714117
64212828
40142190
15757917
36516257
95526107
53630742
31875707
62675363
14161428
19237885
88157401
6965894
81041453
85900252
26610813
61213875
39870842
13630
62411339
60218051
75167945
17564430
80851655
44161079
7537898
10001599
49919814
47659752
12551335
6884576
21373870
76764164
47026767
37131787
13280422
42552874
90762529
45156129
5228237
4923958
64394015
93385639
11889852
45435468
79285891
38500666
6649344
19156734
38514296
69060684
79374786
13682242
86625114
60226441
57843322
94163013
70228040
7763137
41822765
82779376
14647713
63196636
59543541
61674481
328423
72823963
4227355
91090953
17980093
9455593
96014911
82374109
2841232
7904764
27809578
82127124
46405430
34458922
1283858
84919727
3519606
80658644
98601969
90144720
40885086
56445291
84307734
11113126
64208429
26130499
93892503
78856142
89327136
53436044
40530623
89655559
26260008
44757979
80746513
44240101
54213572
76761424
26614211
57054804
84666189
54423789
39181929
31071619
88882711
40465788
15991346
92402318
21124432
14593316
82547039
62009518
71038608
66854773
73122645
35247037
92985273
67015148
14103180
82312409
20451192
54633803
71967969
46711200
99391783
52714482
90951302
53605355
29475907
17565513
10660160
14142096
71989303
49842089
45213716
60872015
90307877
61205063
53274333
11432310
75798380
35821372
73441829
46836989
2676145
46564474
82084026
95661419
13579622
96187207
77973828
34030814
50821011
49941797
80742015
50212794
2656280
71693317
3818149
32132187
89258831
14478310
46274284
61248135
64320400
91488000
22120150
54628277
52693063
75394483
66060588
28491444
11215856
39502417
75328433
13892002
86066891
57412460
9553421
99646513
53599667
87527249
33677328
4420678
37469047
14419344
54633473
40125327
86112662
58451623
72257514
75371493
72929933
18531798
36619628
37250333
10019799
58739779
91878611
62712863
34134263
57939199
91204307
45350119
97441616
66532740
59242121
83508508
23945200
68795543
83155021
77544868
56322792
16832350
81965547
93791840
31251694
36599020
33917167
17364356
95050643
6174681
92735850
67980576
24706480
29355479
5230910
34726280
88095258
97109521
97439143
22229522
55048720
88643451
67579641
52490337
55176192
26821763
35998845
79121393
95617306
19153867
56666261
51940099
35986218
38631808
45731939
67237912
75230829
79649107
84602269
70281472
85823789
77338120
38262049
10530269
6693599
43492959
45256550
94788858
40602480
42695694
17018380
95651201
31339145
84598022
48141539
86515337
11419786
84140384
65636730
7037092
3294252
22302992
58977192
39280470
60934800
4709132
6518383
36165629
84358239
91120653
6447102
70182028
68458773
44709152
80712298
75152373
88202111
25968848
69941232
28804592
68664542
86959613
24455794
3688
71557635
72597333
86519025
82977422
56737718
52155756
90014514
60031971
74458748
48991707
99312442
35393549
53700839
5830825
71559179
38059078
96951479
78006281
8241106
65410252
22715433
88953404
40562626
10917545
14922253
10503858
39722138
83586795
97463472
64177932
83590484
69021108
36775266
70109509
51998530
93512985
22265266
42013045
53544956
96724014
91004752
52857398
32117563
44705591
58688223
3676743
82764670
55639702
81683024
91005777
21049955
4398458
79959182
61612582
15316004
94881435
72116441
55038142
78468231
69579913
19216075
62058715
38601022
55991342
32168224
90599552
49504327
54433490
32612597
3049283
51157505
23617350
55906681
83275069
68322942
14594905
86951812
51087612
70234608
68634837
42093389
91284563
73033296
22052571
52897145
88349300
16934007
25013587
43387443
95402238
94593500
62603519
57460953
33194522
18594861
89629178
23794075
68099188
44062669
56406672
71148471
95220174
80024022
27055152
78495244
48346964
41650057
65447056
99434577
11884665
34081893
41527967
3169229
7115189
63580539
56066375
95464489
80514546
81079962
38851933
75916784
75673463
1455452
33377737
8867986
20050313
23006916
32662061
88149502
67069585
89068734
59297973
62289760
69092757
86353126
40785004
17439722
28003183
6232060
16874299
39887849
40313953
58402266
43057079
47429143
21982805
99123454
42893633
2497351
80203417
81745566
78414136
55876880
83201019
11791874
64744866
3251333
34798790
97406927
91400835
