10000
57694195
34125153
91472725
80695986
80435381
99358280
15344486
62615506
49118023
41425888
61818910
16446224
24817478
98971753
11017452
30957066
98688497
58957414
1641031
97241938
67235154
86008660
15018876
57858359
79898634
70740992
36153313
4862847
98568807
3638633
54799871
56263002
37763786
46272597
36958989
18199168
45630877
52303476
80814674
94748900
93729364
42633585
11195125
18546842
41605338
22212578
49503909
40293835
81169992
51144941
37535773
48405147
37153601
52554650
6263506
17052236
23295642
42416820
21915083
21864450
46055453
76714955
78127452
83819240
22987552
15086442
2018409
68618430
67389918
82833083
63367331
61119283
25466669
74562456
79666126
67072007
96775035
29170035
7365843
77945027
80314977
44901616
26350175
17468579
97456266
32613681
34520815
20751909
75030501
56435898
42616359
21085955
33150854
20743812
4905196
56138406
35830254
6923605
24756836
3220173
89756689
88124167
64339456
15223358
62686624
44005582
82295365
59461659
73175618
89661209
37406687
53490595
34562825
63756862
70959174
32019092
96370544
5479990
52771002
71401045
61915888
95387361
92487001
95066742
16131173
97392197
51205149
51961428
4315803
75961986
55181601
94072492
64086153
19521058
9295850
26772778
63526640
91591216
86234438
36702259
81252425
23641125
90192854
15815251
87397987
61152029
47834344
83768532
66632019
605346
55169577
28547908
95992707
47656579
23614651
12123881
45048777
74819800
64085309
49364580
50781786
19266911
43437072
14867940
38787969
52732923
41640719
2314610
44324139
27875157
39016869
25576565
51516283
29209724
41391816
38914271
90361754
89226161
22682803
56993773
89831507
77852381
85541682
85824214
25508960
9156333
97948096
70557737
83976134
62033405
19922318
34757921
81300317
63359391
49625862
20088286
16092314
91266581
22402897
60416454
19141739
61419767
85993019
70658022
90629492
27384836
9572293
80991246
16610997
32255096
37985020
6442505
10107477
23526702
92266720
35616438
32683036
90214816
6174176
16659171
52248222
26096494
51417092
33548539
89455885
1042955
53636826
5548199
92309537
76039723
65964654
11451276
37459491
51957674
82109299
28088983
79342511
91681592
9080229
95953509
23936689
47065249
2396014
34044167
70591952
94662734
69660605
3274988
84877551
75834781
19934159
37125773
1931275
71351252
70674313
91387161
72394208
24311139
96935361
64703745
350863
62900015
76155021
37810354
14857689
58264320
65899337
94200200
49945913
74979566
90153710
73882602
22044816
92549724
7926769
92636768
87212459
77587375
95911757
72090010
53422156
15845917
9215784
55353432
87197170
79890097
46740593
59591378
4201236
43675954
24295123
4552100
6575970
450145
42362454
21433659
58714465
8261791
15633860
8660379
83241358
5787570
82542982
5286174
98337295
90469752
97922943
85549754
68057127
93834701
57639765
21479283
9680618
66855549
76832716
96877789
46745647
23573309
56469167
50946884
67249264
80764291
55498984
73825234
81214436
97861438
95258894
39928902
6123230
10892755
48589281
89364588
16680325
31132263
94650763
15017621
21602015
92573706
567376
89659142
86408408
58207141
11138426
96089026
25062691
87971142
92966816
71808338
11544452
49435983
22755222
78793716
30200275
78254207
52618951
11414711
76115645
47877845
51343613
82238875
58770600
99932894
71603464
75450926
31065158
66254227
90468548
52667173
58827934
91035924
42326316
45236342
49243065
53464742
41325368
74305757
41435885
34292185
46114095
52980338
83728168
68869318
31774054
13928443
47123525
84393006
25343155
23239171
32270852
76686768
5478047
91041452
76619663
77081511
66492379
7684821
43335738
56960927
60351995
2163672
47996851
2678312
47400014
97239917
56143054
88725383
71545674
97578940
23017568
17659770
50559278
6745737
86529088
82333333
20674181
33652614
66726340
46017336
56891786
98997192
22704105
62369833
90038645
99323768
39451344
56531024
7008590
82787083
13491952
67360586
84950755
61488804
70038898
32350770
58728722
26181953
21076154
30274396
23760893
44093722
47934167
74320172
50839460
34463256
56653506
71513642
68115870
23379846
17530978
25007657
22377038
40235083
87377490
12415683
39558852
26828835
68946708
46567443
9615918
82438660
13928029
94566674
43927465
83966927
26917444
2656187
10148880
47993598
32930584
33909774
92087321
80864751
8229946
42926782
15328007
64883452
14440424
83443878
88263298
31971403
8451535
10640337
72206487
95829025
23056020
11765339
22657861
92002728
58332782
32273779
74441389
72260811
26840453
18368854
56227739
53757898
21025042
66376619
1751497
53955626
286393
93838819
34820377
8516340
36765601
50148385
73399793
51206026
33592263
61663091
83177429
42043799
72303429
55383916
37872825
95359449
67149255
60530686
87362178
25482038
92804465
61803567
97742850
19644919
80172422
53970589
73402817
1197464
20347209
75154314
55153090
20633603
68993133
89973468
29149943
5758735
40121853
2549736
56964761
73714117
64212828
40142190
15757917
36516257
95526107
53630742
31875707
62675363
14161428
19237885
88157401
6965894
81041453
85900252
26610813
61213875
39870842
13630
62411339
60218051
75167945
17564430
80851655
44161079
7537898
10001599
49919814
47659752
12551335
6884576
21373870
76764164
47026767
37131787
13280422
42552874
90762529
45156129
5228237
4923958
64394015
93385639
11889852
45435468
79285891
38500666
6649344
19156734
38514296
69060684
79374786
13682242
86625114
60226441
57843322
94163013
70228040
7763137
41822765
82779376
14647713
63196636
59543541
61674481
328423
72823963
4227355
91090953
17980093
9455593
96014911
82374109
2841232
7904764
27809578
82127124
46405430
34458922
1283858
84919727
3519606
80658644
98601969
90144720
40885086
56445291
84307734
11113126
64208429
26130499
93892503
78856142
89327136
53436044
40530623
89655559
26260008
44757979
80746513
44240101
54213572
76761424
26614211
57054804
84666189
54423789
39181929
31071619
88882711
40465788
15991346
92402318
21124432
14593316
82547039
62009518
71038608
66854773
73122645
35247037
92985273
67015148
14103180
82312409
20451192
54633803
71967969
46711200
99391783
52714482
90951302
53605355
29475907
17565513
10660160
14142096
71989303
49842089
45213716
60872015
90307877
61205063
53274333
11432310
75798380
35821372
73441829
46836989
2676145
46564474
82084026
95661419
13579622
96187207
77973828
34030814
50821011
49941797
80742015
50212794
2656280
71693317
3818149
32132187
89258831
14478310
46274284
61248135
64320400
91488000
22120150
54628277
52693063
75394483
66060588
28491444
11215856
39502417
75328433
13892002
86066891
57412460
9553421
99646513
53599667
87527249
33677328
4420678
37469047
14419344
54633473
40125327
86112662
58451623
72257514
75371493
72929933
18531798
36619628
37250333
10019799
58739779
91878611
62712863
34134263
57939199
91204307
45350119
97441616
66532740
59242121
83508508
23945200
68795543
83155021
77544868
56322792
16832350
81965547
93791840
31251694
36599020
33917167
17364356
95050643
6174681
92735850
67980576
24706480
29355479
5230910
34726280
88095258
97109521
97439143
22229522
55048720
88643451
67579641
52490337
55176192
26821763
35998845
79121393
95617306
19153867
56666261
51940099
35986218
38631808
45731939
67237912
75230829
79649107
84602269
70281472
85823789
77338120
38262049
10530269
6693599
43492959
45256550
94788858
40602480
42695694
17018380
95651201
31339145
84598022
48141539
86515337
11419786
84140384
65636730
7037092
3294252
22302992
58977192
39280470
60934800
4709132
6518383
36165629
84358239
91120653
6447102
70182028
68458773
44709152
80712298
75152373
88202111
25968848
69941232
28804592
68664542
86959613
24455794
3688
71557635
72597333
86519025
82977422
56737718
52155756
90014514
60031971
74458748
48991707
99312442
35393549
53700839
5830825
71559179
38059078
96951479
78006281
8241106
65410252
22715433
88953404
40562626
10917545
14922253
10503858
39722138
83586795
97463472
64177932
83590484
69021108
36775266
70109509
51998530
93512985
22265266
42013045
53544956
96724014
91004752
52857398
32117563
44705591
58688223
3676743
82764670
55639702
81683024
91005777
21049955
4398458
79959182
61612582
15316004
94881435
72116441
55038142
78468231
69579913
19216075
62058715
38601022
55991342
32168224
90599552
49504327
54433490
32612597
3049283
51157505
23617350
55906681
83275069
68322942
14594905
86951812
51087612
70234608
68634837
42093389
91284563
73033296
22052571
52897145
88349300
16934007
25013587
43387443
95402238
94593500
62603519
57460953
33194522
18594861
89629178
23794075
68099188
44062669
56406672
71148471
95220174
80024022
27055152
78495244
48346964
41650057
65447056
99434577
11884665
34081893
41527967
3169229
7115189
63580539
56066375
95464489
80514546
81079962
38851933
75916784
75673463
1455452
33377737
8867986
20050313
23006916
32662061
88149502
67069585
89068734
59297973
62289760
69092757
86353126
40785004
17439722
28003183
6232060
16874299
39887849
40313953
58402266
43057079
47429143
21982805
99123454
42893633
2497351
80203417
81745566
78414136
55876880
83201019
11791874
64744866
3251333
34798790
97406927
91400835
1868376
86475661
50698808
64158136
55568418
37051934
4943141
73008140
65055118
11175201
89882440
4942968
51489155
48284707
48000047
98918299
70267513
47123501
41811932
72764865
27326919
23557499
51179001
83203799
6758518
62970875
47948665
10009851
97769666
45355593
1410687
99638042
31831255
52109495
63796179
87399674
89161430
68739321
60407815
54216549
79914523
50290255
59159517
31403678
98574962
7159565
30321978
68842475
54283067
72133910
41607340
81609986
95691409
92786342
64813785
2449928
55757218
12762451
12459780
53526884
58118045
13870467
53164927
89949300
65979963
16961107
77348974
55141393
85700428
37756790
9357943
65614951
88047045
68517460
97018630
86622008
75677025
27340608
55464484
29960092
99474519
97071825
11570079
95165928
89858167
76383864
97615857
45615385
89146316
10075637
99142269
47264361
23946105
52307197
37213662
89926068
69268304
14562636
45067462
54968732
52319427
54425405
20583683
40366472
22942865
17602313
26988481
98619891
44942921
82452965
28579984
44417440
79524790
40150063
39583369
69382958
16533928
37199227
14998343
5680244
47274864
14140613
52944605
71220970
66447810
90158268
61147038
35716114
4720905
6214500
90684847
57040332
60639905
11268530
97406804
83582771
28870844
24395286
82202662
73813765
6848251
10782647
18231206
86373042
50932711
57814576
55756000
67466639
95013803
70754343
73146883
42288668
84894956
26091489
13509638
51342767
16249757
74656676
87058882
20970662
80871176
77743729
78010994
41511082
89012259
75417799
25093853
17883103
99813085
7296516
91696869
6661337
18079163
9928076
93034379
69011874
67742653
48790379
36478514
62756456
19544723
9625398
5045125
4439679
35716888
18554763
55782447
51966645
93211440
42841329
72937308
74082617
20585058
50948303
15593699
9597318
26366103
40687552
27480422
26179189
47984069
19177292
32840526
66063232
29105368
25874905
35075107
96848021
74665285
71553622
59604478
94210008
81179020
64649603
98649688
16895908
83204367
54432135
68862554
76415807
97273465
41799863
50498425
17858523
92748167
66092124
27455841
19114270
6779677
54936264
45293459
54763746
74113556
78133986
20826979
3218925
4008892
55902087
66946
78674177
27455709
59671425
72884186
8634729
24321029
71533875
25530638
7525396
25966010
94393193
83941204
23239475
36193056
34439629
41097999
28941223
531753
68553841
48055493
7311431
23490105
93348953
62075177
97603662
71482940
82902156
822587
75491832
38804243
889534
54166010
66259953
60560959
27050196
74894683
84881988
98584071
425321
92407385
24550082
94818514
76348589
47789558
31011571
10788218
88887557
59952794
11319972
57441399
8008288
18631403
80931504
1357242
80706581
78535167
72840182
63608738
79357754
48332014
2412982
80247288
2498024
68672935
40808248
29548221
43567618
25690237
28132292
43992940
18097622
52682374
38811454
94446212
471932
69823026
5234431
89359490
29775820
16554404
46800889
37784109
35185808
27732394
39141352
15892389
6267561
11981534
79501128
85625315
60313549
81914110
65872604
62811573
50587045
6680853
92359794
94154664
32371091
20492087
38147604
50468714
73174462
76959059
44914926
73646395
46782085
50149358
63005885
76557906
66703762
9806775
14342016
1889571
37539170
53483368
17781961
43806731
65464902
97283089
29432047
25778452
79197200
95304652
88590025
29784245
1985505
80949820
23938910
34356596
1441908
62086515
84825311
74616370
39045574
29740237
48262765
85827660
79889596
11268651
62385567
46593359
21075427
76727583
48482930
58614597
30210952
66264891
2421328
95675855
63547981
31853376
21454307
42745181
27158028
10044332
72529426
29143534
90994153
96468337
63500131
92436061
58554852
48325442
67052432
97600427
78065680
15315198
83428087
57955276
26583850
45813655
4548635
47659277
22541238
53031565
6273875
52752190
19296457
8695204
48428045
82844438
40548580
69882352
25589619
67706609
79926685
98119046
96850143
70920839
94587383
60350275
63356901
53142236
8675717
30409333
50742663
86741397
45724532
34170751
44696674
72308382
79984406
49245309
19967660
2525644
2276875
26241535
55277835
21573333
34936739
3705881
4417771
75485320
73588233
30007391
43191929
53514919
28126437
40042073
24435758
22713821
392348
87792659
75856057
9068066
18201993
26598720
95809464
63926525
60769472
40506138
36234908
40753878
89751448
56202568
43279522
92028324
82444103
98557358
13601657
17380843
2263239
18019429
92866164
75851473
48026820
36058094
29366392
76153258
76100167
53802151
98867079
76492516
41594811
74723137
85560583
59796805
1321858
81370047
23723330
62091330
21876185
59958238
2845208
11627634
16160806
46124731
3655958
98604910
44682089
17257616
15985754
46945329
35277045
8851918
22796802
83303865
44910013
52163195
59457124
21010181
5965347
58324203
97502698
47560158
33047340
83063281
7356963
34369198
64433328
31080294
96460529
86309514
91038532
99305737
97937148
7199339
45430468
1593107
5804250
90112558
18850723
21790004
37057887
54127768
30641923
59854690
37431634
75551937
12017885
96888758
96562118
17983232
55212962
94064816
65543391
88260303
77128097
72900355
22629502
41561426
3980649
19090031
27870940
95019182
18395768
25808089
2218521
63826237
27401196
8022772
53938795
46251920
29812777
90996683
379689
60454701
50851373
37811323
36006638
62869258
34700082
32568756
80852491
89913044
26633573
46395882
78173347
3761670
19296238
802849
45323097
23276887
19892880
73194037
18296069
38288649
99002127
20514591
2114887
26403324
28537363
56053683
72655244
58350140
47050366
73034934
18804841
97901739
10846257
54811479
60770998
45546340
87380236
41623490
35459384
14013809
88019373
13632731
17775480
7315611
14435581
63098577
30592498
34328462
36292615
48888568
72617111
35294742
69403159
74731998
61698067
97940523
30785681
34353312
56290663
77836048
7388246
75095505
75737788
18234503
29906984
36508787
63780843
17287220
78132277
99240228
31301030
66151650
12872960
49076510
73467262
27308541
12175087
4059761
61637004
48467703
52948329
34254115
83762446
22351489
8986114
45460513
20292012
39771796
79813825
76582675
17607844
87202071
51678180
93345633
5436575
81585165
29854420
69217419
98872386
7986697
68457647
30173416
74138348
81330607
79249927
47605611
8639149
91425015
51665372
70276153
39892718
4613701
4530269
23655164
26965190
13516384
69115677
47257202
53288180
48929503
23839878
70896025
36131574
75518059
64241658
41568150
57103224
94096079
10785569
55975610
2082776
79243217
86149026
76221125
60573824
65398953
23826736
69212974
56823968
75492109
39489128
96716687
80105810
44019397
20371851
7071001
57535781
89487529
54328204
10823962
38417032
78168082
81719987
74548607
53686141
45961646
16116757
10789365
40057725
26902327
66764976
42140502
6145544
52914003
18361628
66719369
18312957
42188364
35932343
75136925
17680473
75421472
71853612
97786284
19440869
92225464
4857285
76976651
81712993
59185490
87800614
20130026
37353572
69520602
94678633
91039714
15482248
10795391
1829080
55539974
37697718
68594056
97680476
43843262
21508059
16042104
10562631
39821016
58230469
46494975
14957942
75910943
21916447
86811555
73697227
41357317
79037020
78554513
18333969
60750013
37740003
6134583
80880040
75093576
75655186
75558673
66133290
91137434
86354065
67962371
46677409
24051783
36556428
44357885
67895046
58064487
60399990
78457678
97885504
18630460
24952653
12843447
94541403
46869101
99655003
68238631
88226419
78692023
46793144
6560389
39442037
84533148
12694972
20322077
59626724
88350159
95880750
25760015
79487593
82234815
93722387
26165003
6286599
30278815
70522889
74181645
88343303
30922879
52639323
86228808
49553339
77591977
99072255
44094742
24461079
98727258
12333373
12687498
77419282
59126518
19247887
16861319
43659666
31942860
37183396
3286391
20293019
33064147
29046407
99780613
15298963
22768794
25945616
21585562
53047609
96468505
95767208
41390912
27391385
48406532
27619720
76944724
25998509
26691976
21039467
50459588
25419235
33372841
63147087
2838517
92499360
82394974
19699836
36159027
14337835
56883233
39445419
34630854
89947380
68491826
34411468
5246343
91260621
60357084
26831906
44308231
56825590
22599114
85699144
84216975
71005647
13318864
61161700
97004156
40010841
82201168
47463745
65430076
15574010
10610832
68268594
8073370
93005806
87968430
44232398
7343642
44851664
83677817
41974496
34799044
52169644
76385965
40045388
43430265
36743049
66877295
87738496
93568640
89476409
73437641
77785616
60482056
86756505
38947316
57486213
26767347
21148485
4949958
92197424
36722495
15560790
60466018
44795866
8566597
48434449
89028264
15910239
93286113
72706082
57884736
28085157
24875726
34270701
68130546
68305992
71013751
35007841
56044489
64582392
24484251
29482130
42368008
84966308
16238636
81315325
42452521
43005983
2463810
47402480
35203407
39186306
62963271
95669426
83982173
71529868
44103875
73010438
87440108
37389988
45716520
45324845
65475146
70592247
79595547
33605692
38898239
50609299
68613533
94942729
15191691
93097784
24424859
57559699
78064092
40663496
38875024
20516614
83669480
41338835
67919094
18872887
80525141
30882365
14542314
64507315
2412234
58646189
37517753
89852343
96036178
83234273
35177188
61511324
53826520
14772736
95117016
92724760
65382035
63730550
87667490
80573726
56828334
12092349
38133426
34892427
52755846
77008451
55409041
36425326
18347287
23328135
55298214
98872429
54210501
69840528
63379744
56622735
28486717
897497
46475079
24522895
84131770
81652267
86034220
37958291
96425004
81151236
30683052
61807039
44881786
18350542
42380766
1710121
30442892
80514193
36602549
83198738
57522644
92011590
19624064
75869932
15339726
74922278
74742361
69550228
44762806
38122105
26172963
73249524
39019602
72648042
97772420
23151372
54300310
83806640
61109664
50725314
64957877
91792716
12532354
9839664
10143258
54913121
11549786
40586150
35427314
48152335
23784888
92949959
40163925
43408953
68819891
55503652
18331232
43562252
25053880
63094038
81684357
51226844
36343563
20703959
23874886
34115984
43855332
78175197
17922624
4964996
28900512
82880502
96757712
41432867
92720166
6900971
96345988
4269952
47487121
31773303
52422287
71272010
24723263
92586213
14680964
93543155
48089865
33012196
37105408
73143746
96106235
18789766
24370590
32449799
39493726
48245476
66565783
83349058
26420674
84488408
88314055
55321187
67368910
85071767
96754054
60089076
91972739
93100043
64359029
39459861
24873346
16781316
10731872
49596610
9367530
25412836
43139766
57457395
58425032
80245174
30601141
54531268
99034940
54971731
86981067
38528666
3217208
53546850
21877725
29637883
38035258
10191780
84959070
5404168
95263548
81713124
65493245
87236287
74813167
29852274
26696148
99686514
46633591
37428021
49283125
56001121
62840857
92422891
13458517
21265890
72668065
44059659
75797158
71703006
99031391
62778226
10231672
2248599
16325076
32109398
31886483
54360335
42301178
16845553
59764503
37564727
98558678
25257749
24801014
73371846
55110024
51497163
73058361
1743615
88925184
22341486
57744737
51766042
14764377
71203254
73031932
87432443
15262913
48829091
59135449
14294304
11607317
69367122
16542904
27932393
1476521
48429387
82292729
43777699
65274941
42057233
81342426
63833619
67314982
6143441
37205466
22425006
57640604
10263827
24168622
46565789
32605313
81913359
98331831
47369691
53116613
71363764
34802134
68379527
20192855
93937584
82673831
31800172
63304707
99216736
59732566
64781228
47646123
42025295
8558928
12921065
84082529
89901354
76754685
51397511
96044796
13960151
73822518
53685401
24223978
97991140
251190
56829291
79904500
98583022
4198983
33021113
69946786
39001118
1400640
90139641
32938702
84074472
21939814
96243410
83291208
81672381
61024638
30937332
23697677
69583566
43858398
7780206
59484921
20613083
59177718
55529718
34573234
33000236
9215119
58797212
30991377
9466310
15626504
10895877
8049332
19825488
43916991
77996119
58826606
45317632
68135761
91765309
29392105
90075576
88008719
12683314
71747957
49033357
43620646
95445634
18616924
87479045
3225841
78101845
8092128
62403559
33631563
42665362
95403796
42846683
1462575
26395174
52312993
17089080
37291051
60362326
36914568
81208043
38358445
95741174
26525675
6494207
87506483
55917781
96569783
75515202
68601095
68317740
24548560
12221741
63763375
43165484
99700786
66989216
21267330
7792915
29392776
54898894
50458277
24796573
97745578
51920853
51191747
50058571
69009933
88482799
10420898
5924501
69690842
48779344
1665676
96216518
55273551
89172159
52134299
51843335
64687362
20735394
20161075
89235922
32957136
83924451
32401407
32657923
50913668
53668737
40450838
80306445
8567632
90909116
5103018
6313210
42829969
56294765
56371782
11839902
44777564
66792680
17764404
14468407
15572025
19430080
10684925
70845577
8602240
62819225
22688912
73289603
83554619
42849988
62525525
16511756
26774439
94926933
49169679
77688108
48595671
89620518
57994553
57163303
80529634
63097571
63476514
23359604
19392337
19848296
35199507
64169902
86640977
52963911
78638309
2213002
72393992
89323235
73058580
80996233
52142460
95747492
54285836
35697080
38597480
16811362
52208837
65371920
11738295
1378516
43060028
60333966
90999035
1054581
17497270
71528669
64152153
80973784
94888273
83544490
822081
30087780
47714392
87463058
83051692
26352701
89676061
55445685
15675937
62734641
36441918
67818398
58482134
90727755
3515478
97079614
7539117
55724316
62451535
19277412
57102832
5511563
79611379
48101867
6566144
97108649
19630537
70718297
78082434
14518811
54262788
78904515
44606592
1977180
66367574
27658284
28329881
56043635
83103970
44005819
18778277
19545888
11824217
77260411
10273643
15339696
74340026
17812761
71064012
36791561
37090174
28166845
42303125
16701553
76268713
48869270
13810203
95899250
19587568
91892637
10418062
73850356
70797152
55024654
75827536
37164726
82682939
4157418
93208362
65786909
48163237
11986640
85332798
59987454
89247052
95606442
75327150
63587078
13419203
46391163
378640
50509377
74558008
42681765
67210931
50826721
91551035
81021134
46725972
11138603
72913772
57144035
84988959
43710924
12168689
60816496
80875651
94851628
64973914
74084014
60638538
13137151
86070654
45971336
73124606
75317706
41577779
48451757
38904785
54996982
94842920
39283425
5506360
69400929
81965191
72717291
20227651
73516227
53738426
66953624
84654830
26652198
24097659
69643790
70363123
36266348
30460286
51238774
31117977
95434200
25322789
91756516
8571352
11393443
37727852
81695958
86711150
79305632
30147716
25615935
34302614
24990636
64899361
39808975
94391565
46864552
12526266
14619217
20380779
66264693
81572841
5035610
92916891
5670500
74679401
63280014
41936849
5139687
14518789
73054827
573888
39841578
64811343
9145240
51235022
2539196
90841199
37946173
81844828
20988915
63562108
16147442
45979552
28461470
55956418
40371118
75326023
68482685
54990335
95706803
34747378
36563176
742413
27664270
42233676
75421814
90944284
84170526
80561502
5463074
57225353
81135390
45304653
22036696
90280631
96539676
24575892
81121831
34485849
6420720
2110746
98047958
22568163
48090299
26509428
78524581
88461417
1835452
47007266
43451752
97542255
81754645
80014929
98284668
9418915
22248606
73706483
363200
6419132
54267986
5826274
63644485
35403376
51130928
85681181
25684008
47670604
10257074
6805839
82156453
16677795
8916586
80204412
39245958
57006885
6713840
17770540
45468303
8549292
64777807
88920056
6091548
46532452
68934985
4376217
55951367
91183591
78082700
56314567
97602723
32350686
62140842
61247209
67754063
13271770
46928391
93438071
60942374
57185465
243911
43098828
73863260
9160497
23303240
13109219
66167383
30017081
30879759
11635686
38566374
95657566
555742
44657922
42190019
69490727
49034139
98141387
60674319
27116840
54455955
58277043
59467527
16596797
19524252
27221590
29868568
66452644
20659662
90810943
23638109
20903573
33909771
97501370
30064071
57213012
10610589
96231454
87230093
41490349
7867141
25796467
37147916
8422884
70454390
79337935
77913611
19488530
77479322
38587931
46605370
31935277
96864974
6072898
48532075
16389227
33294489
78400643
82841871
53954151
69211586
6479981
74857725
3121358
3981351
4921796
60334370
14591941
1153251
47564463
56082290
9020393
73360931
93230207
17443277
43815322
72568142
95356889
63303852
50047465
33944820
9909223
81982743
30809795
15982121
30514819
47199023
49276610
8915462
30040894
3230762
78127049
36520876
78088488
81248408
40502227
83010285
41582778
55094169
84163536
89147242
11176460
93183930
62508174
4406667
10627207
6323496
76974810
5984097
69627349
27022276
39928918
79536573
9005019
70738713
95518695
39519839
17937736
44795306
48435301
47978631
48026068
26562351
84499507
26114556
7810759
25001735
9124841
49393537
80095905
93288378
38540780
91272365
86472309
1048954
95679033
97099517
7372451
72653843
3083614
76999801
99676120
43012532
56536374
8681139
13751245
52055069
48200978
31688982
96850376
96636280
79667614
44876445
23198632
64167121
70991001
31009391
89168857
80115843
80402929
69264762
73404222
18943709
60537127
59876532
19992664
56216160
56976049
27365116
28870004
60059663
4364917
28546124
3072195
60901292
37227264
16823441
12956362
85428243
48512424
9806738
82064523
28180038
54683183
5263155
92347159
25674185
36272547
81516017
5790029
16675476
50780779
79194251
35619186
11317906
39070784
55611851
67534067
96046833
82976967
96404072
56106496
87341885
24950196
59178692
48243177
62177460
76002133
61199539
47605703
24514557
71006277
29670227
52694595
25689460
34933383
45041755
51363646
71205930
26557772
57153675
87881407
77338551
36347927
23500594
88656458
75418711
79112445
56190526
71465544
62089413
52594598
27572040
49431298
77544795
86750733
97674475
39722256
62752866
58874015
87327960
87267424
29880292
16998188
39962019
55569753
51931571
85003775
6933399
23137502
11561547
64087075
11018910
88900099
435002
34519504
77556558
75853713
13631950
33747085
47319258
75721364
86341684
74891299
25152662
63886479
61642032
22827138
3608735
24394898
81701153
90936696
11662322
11581446
7934884
51624342
67151200
59866455
36628117
74084600
83003958
48189665
38171675
94022868
37089765
38606677
28542373
14646324
14460391
42174324
48393409
61779649
17895688
34735093
36670948
43048351
98621573
98312981
65875490
2230309
22707879
47576644
93167005
34370202
59158090
1101889
85994545
26309291
60968345
22622663
393891
43972304
70812328
38565566
37995172
7902094
77172244
66537546
22548419
91632636
8711871
70941828
53412285
26607560
5676922
90083234
69655911
4298495
88396215
35531402
6528804
11104095
83108046
99695810
45474298
42266137
797699
31468843
68575428
61766045
54091506
68969320
5738349
24903835
7534887
43733522
32805929
84707131
10271069
55354348
76339768
18982940
26296177
29752053
45590500
31973099
19835288
15246412
36271595
8231504
50777814
42800399
19335599
33885861
42496210
64809897
76151999
43293909
96278741
44727427
5059955
50370247
13696748
10798304
75274082
21231635
54531826
8080012
5938767
64802896
63434361
82278535
83785836
89730538
12030589
29376336
21703638
31865877
44622749
57975233
40097382
95400564
775633
59432982
29286425
43271843
24242880
5438424
86565753
20521621
50165852
91625708
70891868
63862600
2424013
46165951
85094236
56955840
54245963
91033004
21758736
17680325
73311539
5544572
7410864
85342129
34920909
29114502
17208007
79543659
87089736
57305389
74944223
87865370
16738371
4230648
31137214
40981251
9669073
17702968
61502873
59834926
9328677
32394741
23697526
11752690
78560693
8791763
68708530
32806657
99824768
90467267
50486982
73136307
96011840
57897846
58478437
30932749
87012349
75686444
10476409
74102086
32991834
85420632
61967457
49730205
89651281
93104672
90711457
99320355
10807640
52214330
59155281
20136318
84609072
82852808
31889008
63169765
91644571
597539
95976423
91469339
91064807
46463405
64605647
87076647
4361252
23084085
18009397
91373602
98770529
28485806
65475689
31762363
13906438
27443146
81492569
3557720
20547819
72204026
2878075
31355460
24418357
62033356
51491778
9027429
44886164
83380787
72197195
36530736
83978327
68173618
28000076
75043134
14637024
92605724
62119782
18998276
15689809
80129179
10371879
14460338
8614985
75847568
46222702
22521424
3290715
27715272
26079145
23838534
99919298
28957220
55193994
24337656
90990577
6685773
33365086
35876742
90066560
5562282
72407478
74044887
73735900
407554
49088022
88372924
93013278
11207804
7371201
8703087
91336983
17743080
23163426
99951969
93590648
69386129
22473394
96881364
97101401
48552539
20719898
97020700
77509760
75913892
21358356
68500337
82599665
54723443
4377079
72666226
60285725
76784558
46711114
34021625
77192112
95799136
22394550
70205391
7006941
29765752
78908479
98343925
47508833
2071906
98295895
41099482
71458035
20769289
37980846
68559436
69321828
58700744
65580137
46831588
34614637
86938493
15331926
17214303
41661936
19709005
89880529
1947662
96493563
36591643
35969288
73685676
32390780
58363838
43891068
39397721
88129591
22799547
37741647
35638424
24871454
36037542
76737906
96329489
56806831
14718752
64888926
26128660
73419496
30469063
72960249
8034134
17407557
88292175
25248437
59069494
8001181
15128966
61017156
4494745
51720610
96986444
78180422
84111390
55350283
22071490
23509112
43479874
44871038
61250760
79118299
69742492
97288302
55856205
66071982
54095134
70574958
30960909
80223794
43994454
61429972
53184044
52028588
78837530
41476220
77277026
37907025
49477401
92405992
98924182
53972147
44126602
95910626
32152569
28237993
51260910
54224059
51747106
94740785
99095098
12997866
73859084
68837590
10286168
29715290
34909572
64381303
290247
65870481
44605097
44284702
27300454
97789142
96313291
6137985
39265362
73590317
44045010
88742763
65996310
42969192
42714911
10122913
38879819
74867480
38360906
90140730
29091540
90108013
84881515
28186639
3105879
58740600
97024229
13392048
88455890
31933802
77773351
88746138
97804284
22378449
33030840
25104739
20167591
29344132
31242724
59432953
2934450
75287735
48175717
68930761
18256928
90890629
79053674
57136748
65758109
17414581
47277478
94849650
7522594
32158993
23036289
10628474
90899594
20060519
24020523
79355484
51994322
1793874
68101622
49798607
24172324
1132463
74903346
44339916
30476595
6146071
3772869
33411046
81433807
51948587
2341807
99690735
42839216
81395481
56827484
8597326
98810063
4104962
3446977
6332658
36263956
26483267
16961132
27163550
46543786
40981655
6519034
98538109
42775530
74620656
48336716
66947854
75753119
23240063
11287770
6229715
29386134
15060640
39640761
10819942
67009228
41982569
10510677
9848445
23378051
67338161
18445771
22188114
71443124
21892748
28520772
7707080
48376016
45481904
34870630
94919802
86463560
41389665
93457912
29239090
16010321
41794628
96186945
91763441
65034691
7474716
97993156
94420826
22535357
37633918
5240768
89544585
79616487
15751446
99393030
2994538
83089608
17838802
25182653
54532732
39731551
53703425
62239813
88107567
99185330
97110444
83027370
85648891
38500109
76485282
14887982
54510431
18279910
11074927
46273872
83314602
18549644
44267029
77735428
41085001
81900947
82976197
30629587
61517435
98727643
30022618
64511973
81817251
47861420
89694627
36349984
87592971
43398052
98589797
75700538
42583383
95700241
58727909
28232274
34200350
35213191
43120256
88710782
53493102
54195184
34984654
36807704
72744829
79251683
14543133
13829830
61152630
97519330
44459418
22670066
96246973
74482036
87182040
78064225
22343456
76876667
14414209
9936427
20274720
13004006
85636966
62858103
8704248
44364875
91090378
42904599
79578067
34210635
31615381
33071169
88405820
66600035
69878874
61150649
45851719
84422007
74980480
7004350
81941338
19439898
29674416
78188311
93921934
16856456
56252537
16265390
93733123
70666746
26201818
14007843
83670753
11838785
76865947
92375002
56203660
67956326
35279601
35781727
2166961
66894983
68852897
90572782
33495018
38731771
51723431
79346738
23153779
26703911
86351088
5095117
46143809
16025504
83283429
40065744
32881960
39535966
56331134
26615083
10202712
82532953
40622927
93873466
94371738
17488874
86248468
50575399
85445201
21528070
86357127
87612162
88423053
55210024
78184944
21918072
93941796
29908376
1264810
17095575
56612287
87615898
22190692
2756097
3641402
5474121
42821842
36523363
45010087
99152976
63138447
55212800
81685930
3761374
49086266
76057668
21250249
35334735
26633067
6695450
56862805
12990194
94307613
45285858
68200218
72492558
67203930
62142015
2400934
68468740
79237590
59013222
56084639
1428282
61769320
59726042
6902404
4591162
96249405
51912492
3744139
59387852
7125292
85430069
63149227
56211559
61487738
84399477
91546295
88120805
91094928
48409100
1111000
85402542
93694959
69311219
57895100
60898890
31453234
60296035
29367630
10690824
19309258
85452270
12119107
81078578
45178312
19021512
85669741
41427718
70934004
89413881
815571
78059297
74843950
63964798
34270857
36331688
48364276
25817152
24452494
39459204
74226252
25563494
24861747
67921212
94874713
82756847
28820102
26327947
43052883
58187733
37018772
62362141
43640003
49137879
43440720
88818316
68159391
29110461
30246034
39093396
18524342
31061605
17152693
93368293
95026404
51423550
29699982
43390680
77240702
54152476
82849885
51466955
79715970
7711632
19388167
74590684
90468480
48208269
918632
33521363
6396003
37937404
95883505
50036006
87075284
39324225
38854322
55234676
68434687
69100356
94328072
86959030
161961
11480766
80327323
95188365
62904317
10027306
38579046
40145020
64179782
21428931
91611976
43895753
29140564
11000143
18486438
19609045
59208413
19405070
53130408
65604416
57342475
49013913
15640423
44417759
88338139
54494745
99652436
56772827
23595102
93980509
43731857
23757064
5461275
24059181
18945430
68365593
34086487
57524476
8510613
98266270
78953408
122589
42162023
8093973
11122733
60648461
27703018
70331147
80053532
80833426
35935564
37396007
29847340
51575987
81813767
18185480
6070733
81466203
74958307
29665836
75446712
18690164
53422900
80907988
42749346
72368330
49273582
76835833
29892807
57784196
75102104
8846215
57906786
17264127
16940188
69029520
77912589
44643206
39360667
57966121
25476633
75296232
95362129
55323974
26872220
77175896
73509455
32942953
58642099
48467762
62608789
34088812
67157927
16031690
14996801
9907273
88400020
64270384
86743107
18292827
22054580
61845211
27139043
79961366
79109339
44079232
48990887
57021928
88722438
88351554
14988050
14199072
63647787
10350179
69523047
90520007
87526075
43032502
23462961
46168175
91500265
86071751
80256988
58658192
2103441
95253790
68565466
90503462
59524174
55308573
8796289
81578754
17153785
35935333
61540121
96263124
80014565
10531008
53285053
68737004
98882563
68273103
82936076
62530351
78623283
52459124
53050358
66149358
95491626
76513320
12317534
86991891
62585072
92574522
45650084
64688513
87828312
14215550
55191976
47352487
69524124
63988266
28931241
86677910
99923599
90471363
82941035
79938164
1002372
36226088
48675168
99884936
4499192
31611245
62415287
83122475
84070369
15465645
49271834
79561996
91978966
61589368
66553888
54564038
54163890
12203973
19252552
41992203
26419523
74444528
89344690
95943648
38432794
18275932
82621558
38356393
8747296
65562594
18294558
9749668
1788682
66969727
9634604
6287875
98580972
72049891
89410350
82651342
87515537
38682184
62213339
79494504
271552
28767228
34058542
54435443
40971201
53311094
96427647
67390725
27755622
85772337
63334373
66188417
4048269
45955932
4544811
12795565
11518527
22839369
22545234
13307209
89809096
32179838
19595085
88390069
4229730
9005435
71041411
91745268
47687620
33254751
71239772
47959173
62021979
5298314
2394616
2993180
58609409
98822264
70383905
86365032
84594601
33718279
52553449
88642871
79674212
57098261
1438437
91192739
79937631
23983671
4499949
69746727
56163510
24095034
58136797
60393241
33100470
29178209
52138509
80788090
62432960
23378282
28747263
24454939
28676597
31141880
27448120
87286006
29964144
97832026
73651039
14558746
31550306
26204488
3201617
11224518
83302750
4640055
2417258
63240381
28623727
6917207
32987109
84787238
31012242
91123906
45180479
64112712
20302115
97318989
44900803
82735076
20697272
73648066
7190016
49373869
4789947
34638136
36659875
34754092
32470162
10310914
49312838
64020468
36515403
52514456
75244987
19818153
57154512
77662245
83058535
85778239
84579453
16045644
70565478
15591695
7169551
15745957
79704408
27471667
13064947
24605211
10206743
33762219
98253277
17396759
83136089
3043225
52034895
19795964
37797317
84505058
30106879
87110156
48525527
66622283
39624613
23770514
86440437
96779125
1432760
69498972
82557365
86012213
85544617
53122843
1603909
92714168
68868801
81308317
20185835
81933749
5913528
30392579
15695969
4166805
47789339
98832058
7210031
99824235
18628023
45007349
84329293
48734902
32117506
32854820
15357185
71742119
56625335
1797623
68521245
58058095
71296595
51078611
44070308
56841213
4201455
45674217
49555381
73070256
26982535
69741217
55004006
32896063
133797
70699975
37062869
47923136
69532033
44272900
47747371
88160057
89280249
32076665
36894959
21397756
64931485
52252145
93139875
21556821
54049769
61661121
79614916
25346364
12739732
23685225
82187578
16941187
69359443
31742959
90011444
96341978
1484177
45015450
29238041
1617975
15715426
66300911
49541111
85247460
10573811
97288482
73407517
99854061
29365147
10302477
21251817
94296633
62554623
14391693
15853455
16604392
76052814
95468372
41950756
88792547
19153597
24138334
5733734
88513041
55881294
95745179
84855020
57365472
40760629
14093062
58983447
56476056
80393973
8524558
41723516
90967785
5813041
15131033
90821846
35178189
25433511
12073664
29474823
87988134
26465357
45328278
4592526
2518172
40796650
46543282
91310719
59950248
70681617
97044454
48463289
26562912
92789633
33318310
83928384
33550263
47411372
42911832
90026319
27805345
51436391
31749835
18773130
57249432
46880869
9594977
92427622
72314380
21668641
21902446
60302514
48133999
67230724
64895040
50652171
8027375
11438323
41962891
67977624
82119941
39007345
16440913
8682853
31796978
49759223
92611238
65347242
97170596
35523070
55373561
24975941
86959461
87123397
43749072
44208894
34004266
53344049
36636517
6318647
75012691
58538963
66621162
23146690
25769688
31516202
73798862
33797063
42954526
15761754
1774687
25074467
54769099
18215601
33757321
86566078
67974825
26368559
51913320
65145421
61891630
7286881
90121363
48851092
94410279
33870435
93059986
28414545
87214485
29696503
34733193
62227176
88235466
1354355
85373867
14005154
32870557
59172730
47802218
75825084
74934484
49576906
899551
29703584
67792508
34656873
16269662
35767333
61025433
68182983
912755
22917063
75469865
91034119
71768155
69880144
24904554
64828142
98294690
12119040
94524645
33027883
74346216
82760112
34382238
59720084
96765267
67252796
18892814
44567486
43077880
93827298
94144392
43977432
23530882
61936900
78634305
39800545
97704234
39659739
7983529
98616990
62576802
83453394
89651109
34344958
53333539
14555664
99173100
51628229
26674704
93697746
84656112
1020921
76457859
19038351
60741005
73223126
86291147
79633819
17790613
29369027
73461118
11935005
73346460
96992001
73871906
51980766
36792547
71576141
91640505
44776076
70193131
54217307
28229471
59844241
88562266
81563010
74399906
87735366
33191239
1074610
81433113
17847352
2095531
57890972
36885703
62836537
31114099
23176850
42470357
48904712
52545878
15931475
60839718
25892338
12923477
34711624
77873104
49716024
6287766
69513609
94492101
76480897
23730917
22721572
36325139
12293183
4284582
10725045
28550
37475822
11799656
81461663
55323174
13895188
39352636
92208878
76731725
70466735
15385728
19202082
19371448
67931607
35133558
80211166
93823945
48057036
14922790
71697050
97773060
21210556
41210660
92265162
97691454
64941577
14986734
34016594
77234761
19271317
44741639
77263311
56747140
56541296
58724975
12070315
70436484
98077611
4279193
47168210
68544347
19664922
66370293
87915795
87596529
1503852
68126961
81420475
49560888
83049752
53117526
47333949
4260309
94328186
39599111
1951763
59269763
54585846
35968358
36504525
73857163
80709998
13767836
30604304
37251294
72492811
42674619
7687779
70570423
46953813
54855989
39114770
66618735
21226282
27030565
54215265
22730134
95157526
35635741
72291023
78207278
88753267
19624972
82467587
83081453
59224083
84419351
42351217
13809930
20387710
78855742
87667094
1097708
92623578
18271398
38349002
65116390
60946018
46036781
35686813
7899831
892771
74801583
74518567
22119054
1832148
28733832
44849189
96989675
64369573
17140212
75196954
53122840
36765185
57664542
36204294
95989269
42083894
78555511
9799199
62471604
57411253
97466293
63569312
50034832
15737691
1918315
15151223
76683710
47955097
50838036
84583541
48847868
25639620
59102108
70966922
27471769
87835940
15816112
24461444
52205514
32956324
99658399
5328355
69721509
57322941
41532649
65710778
99406835
20088160
75509977
61878439
77499414
72976271
25447752
27534247
88713963
27366067
42685470
65397673
75321165
93523507
49981214
24169034
19163127
9083323
95135956
46634897
96919263
10952069
71096342
49124778
43908393
70754741
54453133
13629903
28077683
95985782
79340682
27484518
16073943
54850660
89362958
93573358
27826931
14810711
21107605
16540894
42176779
63793076
81938567
17497944
57316583
31919782
41666978
76479711
41003105
36802935
23114608
37922369
47755004
94210951
87047148
91663398
64965693
41500281
5293302
93043376
37486064
84633984
20527895
53560008
39484644
9890854
47133366
67311575
24701565
68240972
83852470
66878345
32034048
65791038
84376289
89350632
97710821
26043268
65830343
38713926
62846204
88944952
76636296
10601208
83155904
63683444
2264607
48121597
5183725
7557909
41164973
42669790
92191893
61692868
96229798
31676538
71583723
43363165
98988113
96285288
11604137
82840584
63163633
43638185
48631622
47539923
32988817
46342443
73583192
98819161
85056370
36429396
87764113
61692666
47030605
70920017
25376111
49295212
19041615
30559837
56853122
60206588
73229627
49045015
21899457
69459426
80721553
93483180
12822591
79709667
89768469
24426729
62550251
52932103
68064914
11181874
472026
1053732
57524318
74055218
99872893
42580688
10484615
87637007
4273355
57515220
58557025
29649467
6810432
77598640
60209304
63663555
37805229
33438932
12708570
59704687
2898358
93430124
53187868
15720950
73139792
42956337
40147679
35690044
95888441
8212594
46871919
96360468
9266326
4396237
70415686
9139220
46976926
80900302
96776228
51250282
38415522
55333254
80899749
45225955
32931894
41109053
8889510
70737124
74547985
21598081
30441811
77446344
15028205
83629679
93167295
88167998
26586017
33314974
23858042
22474458
41527568
70729961
18834926
50793895
75126199
89250613
59933115
22103125
70150915
56709344
73353407
8566437
12042598
54253156
53792393
44974493
95362210
62681903
15711617
69910196
84279984
46153429
47356541
99308190
29783109
40523836
87476188
56369127
73838810
11334231
78843586
15366379
82064193
97678513
66160274
57190392
86929127
26093390
79293518
57080042
82802734
52646925
65646480
94845333
6900082
19438873
39819826
2262293
82120777
55531444
72172489
66400761
1684874
19529030
65708951
31467984
60052866
53185140
87837111
33891677
64519371
66680698
49258056
46583564
64359211
15418331
3773956
51288338
41511721
83067474
8368381
24314456
35714400
74014862
19159790
42614483
93453735
58979616
44876776
75574512
14511061
17049266
41975274
16195936
36578297
7684225
47663920
96631164
60869365
35501032
30522841
25388736
2181730
79780898
71972301
66540942
95199229
75746258
17829281
36710951
58813733
26197662
61025407
94528133
212524
80185198
37142617
93666260
39164814
82019393
69240772
53675876
99068660
11216046
69871812
35646957
18900272
17535733
32278121
79769638
53036765
62800962
5158375
55218496
42581860
77130676
21759438
37781090
52876934
39588719
74492041
11690667
65786382
35517449
6218801
65998906
15702647
43361418
59665166
54867462
25380812
28905939
8543338
24449472
40121986
78415151
60096429
59022258
95950884
92374551
38791897
48987649
55175513
43950272
4206146
97757374
21080948
25965584
35538465
73957883
65554304
10030506
85648551
31340686
45547956
91867353
97339593
61250603
35228771
57004759
16118066
60609584
85910699
24661404
85059056
26032685
3076556
45155486
85054944
99027440
37530037
23846841
48015090
92705550
67797114
52221236
90462925
88878062
78186821
26001390
62835946
43741126
36031897
48484497
75081812
81579853
40351850
72421406
42830457
75580622
29426165
58948523
36190206
15336864
83609928
21249262
41369550
86686484
66404749
26424495
85713924
3934786
50271336
33729014
96640337
18068450
85950251
87103262
6946513
64137072
13104653
69782460
7878198
49136550
18266957
82960011
30716404
58618808
55381417
73546861
34199431
84807583
32495385
70389637
144448
16105313
91638900
41513999
2791797
58043649
67938494
88505722
61978435
18209831
22234737
58618772
36278282
8184988
45722035
43224795
72322061
58826688
13007255
80200260
7963239
31274213
63160271
38679644
89893022
18541689
12226505
24092453
3349273
44721891
94482090
3493721
60827204
86120991
45007720
63619002
44164640
12946215
52124724
6143076
31156046
74359461
64761848
67434328
82544450
10483883
10659124
54866511
69310572
23666380
35066771
77273811
54940593
98227043
15953455
44833616
16768732
28179961
68926069
20118006
72901853
63408160
23611727
33729058
49529151
68619448
97348060
93693792
81565664
49472785
99836868
12721710
23832247
64598717
80156039
6376697
75082601
90815163
61243208
44393173
14481543
96309980
21666985
69422137
94537023
37620441
14255753
11305756
65800403
83181822
31423762
38702257
46589983
55035490
72431315
96119134
23654939
69779375
89812927
5220603
19252160
89649796
17942314
43084407
54248513
98098353
49461105
29331115
88913516
10704313
73724289
3395060
7014294
95391275
72817197
1551317
33011716
87072950
12857073
98812120
70254773
44280836
37514377
16844756
99316326
9945692
12963891
22971266
79725068
2776819
28191869
98977229
92426615
46134184
42061637
46675129
44232537
91522742
76006244
33146054
2227056
49730533
36541114
9241350
45121808
9358312
10792667
78133525
96431263
23649741
76945646
66686036
67930578
14460024
83530793
67246904
24405717
96494685
90218171
4130785
99271504
18410041
3108014
91698120
64544225
45169651
38373249
8776763
36692393
14379493
41922817
38919450
64110027
78463932
48160800
9231836
87822245
58953467
87365362
84253508
82603209
64311008
50939545
50533787
78771033
34470338
17780692
3176750
30965024
7998863
7307535
30236528
26408905
10415550
21934648
90953130
55585201
60307898
99729893
92277595
74687392
41652711
31197045
38797419
20116643
79357846
48029256
7938888
38311314
35394618
92192397
20914523
99705627
43131942
71448311
78476660
77602281
89229003
81653410
8567305
97227867
88960945
38803834
23636772
99376496
60738483
14589902
54961698
21046382
14319796
47239294
95733774
55972507
78436340
34531194
76089151
57794186
82560450
84028040
96105500
17955068
76220438
17020023
17660695
19352380
88468335
96137356
96954662
77697338
77790766
5521968
74925206
66751712
44325803
98561978
66128208
5064287
13151881
21089906
26110669
27471678
68329200
21844443
83444185
46765541
56375637
59533337
4559727
38936088
43561378
665227
56891157
19781816
17685251
74551853
39134197
6153586
70689209
36088859
83850925
48479975
41610827
58776131
15231688
85936631
57338110
81359896
91000918
70489991
2449803
17111587
97961669
70779004
38956031
81405855
17544545
95331669
40939193
22104272
34267757
84500571
22769500
91158914
4282388
40454751
65710767
43416585
46608338
36399977
79505445
30459263
84879952
21116273
89235395
111640
7052904
46573505
81471537
98053822
17063496
83921340
15165409
15025166
54700345
54121441
96431022
72244890
49453110
37370215
94349163
83720867
21870787
17118663
74879782
26153175
57573415
40590550
69569761
4181753
76990527
49075206
34641017
61870480
70191480
23876412
61982121
77244384
70449918
43453658
75298207
87513415
27374999
90463617
2538581
82075345
44585057
98969603
54320235
94038168
36339819
48669398
77759035
58210606
65788062
52638817
84363781
23361477
93229367
53933543
27543230
70219895
3008750
62184248
32090375
73200230
86060661
94072496
50444615
56510579
37526155
25742822
44023995
64901155
16206439
46562577
46976500
60791497
45532180
1296736
54829665
81872000
49966135
32588700
40082606
15754197
85227518
24446388
39115674
78456886
78379931
66658905
48676781
81388681
28843153
80767157
54588912
14903815
74839653
5033527
71414395
12365809
30776349
15438390
77266965
46982788
62000967
24243465
7774285
7533148
25540202
62603951
89405148
75506337
95192651
29487754
91260534
80420170
53934143
30376209
58877056
32314074
97035114
7553838
13702756
25878268
88320995
68291668
40782084
63160648
73325196
12196479
75526458
4101545
27634869
52793423
51084334
89635836
77036889
58858620
97168985
2577091
21462571
86574133
78083428
16655223
16061888
69343962
97075393
69996032
99720172
55952450
2310106
96755286
63506288
16012863
22633555
51827283
84304532
63415639
14987932
57629728
75612118
90514391
61731273
3246988
43307814
12815607
92882825
20344703
71674228
90051810
22921794
93136799
76625944
1005223
9792022
92687833
70349186
6867416
62683865
70069358
62819866
64993972
66824645
26326155
81006835
89458200
78153438
65311367
52873840
93141371
22941096
28485959
83655762
84672369
31732947
26963577
97487977
24615773
47308280
69162205
14667583
70230075
62299005
91293528
71235298
72091028
83981361
41584484
78958444
46665226
11653843
41778311
11659199
78478488
68104466
92666034
67936688
46257905
57977402
20810529
39399277
80918498
49296488
23055039
65590868
81029436
50018616
63078846
5645209
97326897
32241052
20312793
67556973
94540057
11606321
38792272
66631085
95587682
80376757
45589530
42252909
92030600
87367841
53912108
70509088
55472308
46578143
38445776
1730213
4555545
59256306
41129490
85474044
8552794
64184530
51064912
89582230
14203147
14143759
95227439
11530045
46384811
15540233
79087018
40924868
27146554
17879291
7555953
22734237
98256048
53145484
64987146
90286648
40513325
18899255
60795736
95985633
65477398
99241513
97715847
70032944
58497819
38845337
55506989
67050614
3029868
6571902
56632844
17233015
20715661
51860284
28763061
67100472
67400517
7850079
8025340
94547072
25729370
15581294
17281309
23985418
68726778
82268456
14272067
9240104
1167711
75067804
5225737
66645110
74309317
2941585
36678055
32807137
41786922
92185044
99857751
44816791
98756946
56490596
62049807
19472607
8350880
90812868
86573079
75751398
98662947
94598420
70298470
24392318
10179715
87579779
48377737
78906494
69848235
62649804
88146598
71015947
37717609
93372336
37661057
12026926
96313921
74339112
44834064
38100844
66524157
44691815
82917636
65281103
1182411
44967443
84753711
9533292
35780311
71326791
85284690
34443259
65925211
55583161
58835577
76104927
43162940
7213315
55011421
13011176
69863120
43158019
84027123
7580729
36530356
21688181
19607656
32844277
96027294
64441720
70945122
62551451
9133536
53862758
27832555
10315948
98830201
12586266
19849241
34610513
83913057
5133932
69053772
49838269
60717093
27889350
25943196
3880034
35102665
80954617
16891210
4965786
24112637
918334
12546515
60642993
22606516
32154171
93487271
18633810
96595892
64432394
81185262
5729429
18295152
9017817
16045377
17125354
21604084
35894618
51735867
5517141
41028550
20789640
55355410
1745643
48678990
81298606
5625678
83781656
62253223
22516888
88747442
86365860
23435223
1293957
47008854
46041739
33448130
40496125
64675549
30044022
4928519
45860812
35773451
23223672
54878629
51818829
40349027
76482713
87713447
92084895
81999855
28741998
12874535
37355265
30487642
61553525
18653872
36113320
45335182
80907096
58630209
34082624
67272957
82065432
35376582
14281811
28107171
68824712
54777937
92782721
98868735
59706457
38643533
34642186
82930129
93522163
86461016
23279156
70004877
74174464
15364051
52004732
2916462
28238587
89359998
33404104
89792113
8013870
69517425
35127295
88920966
28147634
69209920
56193923
10213066
4586502
70475735
38320238
73411215
25253672
31102959
72279950
84960129
69746492
6922137
67890259
63268656
93383153
91169416
33273533
67557617
6533468
85278265
70474079
34772055
74638263
3878184
24564168
82652134
73395610
59691464
71573100
1543244
28901384
27767024
11756311
33487887
98242760
50076549
6899102
23496432
81179508
79179052
8456562
50926001
86101190
76346821
14194657
79484343
67516237
47468190
47041960
74049705
32746456
17516040
8821761
7384720
21394225
33385929
90036854
94789835
93077394
61609955
96333080
21978778
89376979
8089391
55466665
87619739
58165940
62365767
11116172
39345449
41544820
19572735
90271451
27646010
95919556
4466109
7130354
63435794
51934300
54172315
37485500
84680756
71688356
46307261
92065476
93082581
79693191
82102330
87872417
72770585
43712285
84205497
94749364
33089265
92294889
50216029
20709005
50460830
12581797
31825178
89806279
54126618
51397913
80077731
81772629
47317470
84543840
88902983
10753264
36478141
43075298
48238764
21158897
14763654
94546026
13224374
7846236
74239217
95326705
95718653
47009802
39038991
79924151
41759166
72128256
72219040
91975196
92837262
22679871
4556993
24662441
12486150
58683612
76060354
92563882
40456241
23377824
77107723
29359224
34131089
13585864
72434523
82369854
34744761
87198178
76915880
47969136
95044414
51155097
43295841
90763068
98164900
82334832
70687219
39924067
54463089
42906260
31899263
47300352
65586131
36456257
71962793
78072282
95139869
48023148
70636164
35596111
71400973
47743887
64955336
5532062
61329751
37389859
87901917
96074513
24588037
64817797
44043649
19632452
15972895
87339491
10395520
14137796
69674324
81082740
54061863
24137414
23989000
85961127
71437766
89575132
22417385
43400560
67647415
17557254
91423708
38283580
53153366
62824681
86027467
18108702
68356744
47357219
55498561
56258661
43431733
80086599
21076459
87475383
99719051
37049355
74814875
10114572
51187151
44489199
91197312
5249015
68626614
15186313
91210142
40064381
4761446
13627527
83464941
72408861
31184782
74888650
10692441
84338149
37713331
96719909
2446851
6070076
44077129
57945413
62328737
87508862
38032013
83405196
74984246
37751064
20454552
49799121
47865637
71641703
94288321
39062950
76890719
62914935
54249263
68100862
2979317
59010710
81728390
86444259
31419571
12913172
61332909
42112012
97251321
99046241
38831922
99698173
5116317
82909051
57643586
67445054
70417914
95675599
50850251
45402161
33426664
71304803
95201282
81292301
42946507
89489604
20355251
19837227
52404540
74604515
87938089
55383857
33615225
69666479
41828116
65034797
82579652
3161026
7146809
79830974
2207267
45978732
79529147
7323584
28887783
37172734
74768639
99305698
32848333
25618891
44707859
66274998
96923695
39909142
47567299
39870203
29398747
67922551
59707430
81803287
42527067
47645519
37187145
76142292
17311999
79015262
41177089
99891651
82176288
48323899
79722625
84383556
94302631
59251773
91707140
23190415
96424507
66475780
22496114
29272840
92094672
67203974
95547839
89018367
7113116
43115138
28888570
36511863
11037690
88596001
18315151
53564757
36241520
55502297
29707050
53553519
34517559
70884139
53445171
16693848
19208039
33167796
1077404
13510671
92419569
92784545
36701087
88844077
59260325
59197201
18116918
51354998
26401175
13664757
40373365
33514292
56779895
69261936
70026156
67817586
57857937
88341307
21382343
94099458
43843605
51089393
47652977
78361164
21973533
1098148
95055012
41181573
34265945
96132417
54692244
26685515
88916962
91393332
15529592
48177288
50590534
33646510
99532286
76991709
47311267
39905652
10506002
4091163
9167589
80532158
71908749
67025526
68873466
93291093
61124984
12717071
44380487
8777962
91078236
66354021
9876111
86133249
7535594
44142057
82265666
62227839
70827572
71182629
53621171
86357165
19359917
4211705
20003676
18892204
81203415
67314943
58797857
91709418
71406107
67965446
72241576
43314857
34990972
41115043
36605950
96115957
53832115
80986437
4893920
44910351
47340458
14770032
31043600
54876053
58912089
13309266
17103892
29739662
84491896
70725064
16096828
3851813
74936770
36100504
22744018
56140185
3415448
81541875
47849603
74821555
49507322
20091180
18136412
84498295
61206224
54742363
80614253
15038339
35728801
85508173
59948690
83069260
278205
90992290
37945313
59190295
4301557
55049206
88929958
88793453
25774271
5026786
92645267
711041
41127291
15389286
56851227
44542739
96931162
4700831
19364295
46438484
24792011
37500708
30936779
85998236
92243071
11551032
1036575
27971872
97059206
60985265
11041133
97337412
51977556
48986446
56527707
56279113
4035653
45457666
45072567
29809924
50484452
37717834
30520965
91611743
53107120
87372192
36154483
50038282
92073023
55518778
96476766
16865035
93019486
27413546
2863271
85262558
38964579
3899846
13234431
36023785
64885112
24275564
33361197
16862668
73262010
89888905
73141782
77297664
35346571
18214349
7107588
85831023
55932184
37628553
77442767
9039304
25000746
13597250
59077587
17073770
69116028
55554354
33938806
62135515
82967900
36802078
47398073
21932479
40701925
60632505
57956265
5587037
84908069
91317462
22449706
58170080
81206367
95591488
35467744
16552939
13805838
42575332
2383963
69738022
80203886
79826730
78777327
5204632
93423981
37854914
22278403
62540010
93409268
56217209
24675525
76377169
93019287
72073599
98309649
33721213
32706104
56265914
39308250
17614173
47583377
61757956
75784254
28789744
57349445
11251998
45342684
71155283
53827330
47726647
40893306
34031216
27553377
19670633
39235849
20977359
57525548
61514253
83517369
50934817
17731462
8192895
27311986
10750750
80266494
25621636
44471963
12972599
81887550
83780214
30586772
29470927
45538171
6371026
58260672
2887617
17623025
3603356
74042900
71450355
51330003
14936207
5481572
78883381
34606840
44717422
99860740
92132389
6231675
83378110
43067206
23963138
91571005
70379193
34713889
71837499
96000829
79185853
84810098
77888380
62966068
15396871
7359308
8504239
21767898
65619980
11391856
39390924
69223337
85434757
10841279
20553341
370964
16322852
99436723
34977805
61040275
99297464
27110194
67271950
82675574
70177401
91235089
74246579
40556594
25948978
46084079
36557423
5134832
30894178
14445804
68100900
46291050
21805112
76605139
68058949
87425093
87996996
7449873
56648430
73431754
18291153
77201772
73802718
34614005
76638495
8780524
95654280
75935959
35890719
62926231
58611533
6068120
54161321
32858113
46624714
80110300
78942192
83182138
85245132
9836370
97627943
53346033
56127421
19433055
29951172
24186370
6858148
17948169
31636243
63506579
91379923
49927396
40708352
65182642
84541402
17346847
73963166
80195682
93282807
9853886
43121914
51894341
15922006
97283235
84752454
62546721
77393535
63694647
45728859
62638668
73531018
43356802
15984701
29658439
62789858
45935874
53844809
69648007
63884044
85481053
33154587
55263967
35408449
73862939
20446609
19949851
91209787
94409776
145534
84492594
4263663
43267448
36386935
20185669
40550684
21139390
82732390
17944220
84834037
28461250
80582888
58365055
71818053
96567590
88023495
34607911
42503464
41868304
4255919
6387508
27349357
37410506
61651476
62757807
11273445
82098086
82707658
2483232
76507863
82853192
86975826
80771526
26120641
23362762
957196
66671325
44502152
83689586
84615546
29336189
12150837
65198434
87701245
83968891
61766025
75724740
18576803
4269490
17593045
22832722
10656998
44942402
60243228
72308475
7700209
71516674
54406561
90407868
73999906
30914425
73261060
60975733
11685951
99381702
84338495
12643147
66053027
28840648
96332734
50668573
58176837
8483571
15867008
45878083
92452463
77633034
21602823
11029266
81902524
39195868
33861988
92559523
84138271
94105217
64867998
91838481
65621891
19274560
82246349
39621797
50188985
55507410
597530
61874937
54889112
84936026
74518084
20942140
13776674
70850819
71610714
71953512
79334390
87477723
17831596
71786854
65110757
39434420
82816120
47013281
78630289
16678108
39572804
62768560
10783326
4440803
54607042
76405217
23715364
36853392
16027014
73904349
92360802
16624545
35779286
47249915
1560572
10297371
68192055
15337247
81148190
39802770
87290760
60482581
27280493
5122356
32269435
92391250
44556776
15085555
39404532
23187065
31763664
78977337
85955626
42546990
83418140
40562669
18952207
7133504
77416061
34979222
81037854
69776864
51603768
16817140
17026779
53164340
27114512
85218835
68501588
8262702
25021605
55792348
68745283
52302098
60914705
1014718
44693349
5471481
16100274
84097881
28658547
47863938
63075219
14614174
90410929
46493360
55176843
9363137
53626864
32592905
44342359
34664719
2369769
95946128
51481860
19396549
49110468
78596372
4615384
17612056
86859074
29636990
73404405
55604357
81939089
34319110
56619076
26632438
39790592
72719350
10730320
68449140
20583289
73805539
83063315
10994218
20298899
38240158
20357356
73925764
70833064
64699716
8590484
73202833
60645844
60072344
92599382
9756313
38668716
97214767
27368370
25527791
26851758
772775
81132149
8790847
35091886
37751225
35423285
74882478
10470575
46153606
43331619
31053865
19959146
26394934
42048083
40258046
64635093
62405440
14183810
35468157
27105156
22774295
8670990
87751000
82846639
1270373
97507313
21515356
98485141
24875683
47043147
25336899
25648459
28175296
34127746
60740345
65926522
69551032
35622824
76397097
15704639
78954443
7450962
35663785
5349378
49499046
75921832
69984471
11904486
90105643
5452628
39009643
12879938
14123619
26760643
95726577
15393993
24267957
17241933
13879134
49143641
64285081
39216034
74792101
92460378
73343781
35532447
58386899
42894814
71155271
34783997
58599454
50109715
42234960
94263239
55459093
91734007
70185072
25443564
3638494
60290715
30896192
42648137
73170653
45019812
69408781
68897230
60413805
93676739
86139164
74292940
42820381
50424245
13508975
17612482
42884623
86852756
53144929
1271523
29747571
24300200
36055521
88347025
74409916
78290482
82610265
29869009
70024489
52795337
55312574
73662983
13086052
86208766
16311121
86256705
31228579
85719903
55153936
91642384
79396642
41293100
65935325
22217023
91717346
79444300
39829505
34601970
66297057
92974435
35873494
96044628
17274635
71929016
84391654
91684552
50219498
67001919
21553561
20243987
19797257
76866136
93906971
32883309
63074902
10218093
19140015
94303482
95937996
74293952
85945866
75334638
15587052
51881192
97551662
7304399
31325492
37381167
41906370
97622550
30355602
77779864
93667179
47630238
49708880
78058833
39314791
99928379
45060753
60868353
20172366
64858010
37734489
14079338
97741320
809392
24297431
16881336
95112874
20235428
91175288
81058741
95570066
6762341
32939933
93121729
14066740
64265426
30502896
55973111
61887976
60858499
33752975
55555155
8488738
83461856
33613988
47803530
83390235
78674742
8671883
3562602
43532752
46406372
17641940
41274073
47215764
41939372
58155409
42328638
62174800
49330697
23387380
57744867
56093038
56327313
50866596
70159779
20592739
81369493
26132890
82480715
42227993
59885866
38035870
50716732
43347722
71649859
98520262
26737958
50324601
7192145
30300560
93857354
53598518
47942501
35131427
814282
89881874
93286836
43142921
52056674
42617534
66530301
9801542
98710573
22857614
60668138
68870352
43450354
42037632
95003242
25931069
84265625
54889109
63966940
34982357
98236832
35616800
33502619
24974790
85941401
40694765
55275351
79798756
94293283
3217852
14930183
95107565
93099726
8217020
38250487
45156401
50834555
4780788
54957943
49545128
27638403
15626082
18415480
71088757
57663714
13418723
97019827
41929339
68307832
60986768
76911696
66544665
96603568
10414316
91519455
82544970
51109081
46794806
62343726
45402365
50012659
77273909
40509931
43112386
85490930
78760418
88268787
36325485
83541207
43226730
85870613
11179610
58852812
4286094
82268368
16516526
17704818
79288195
58445866
86012651
40274964
35357563
52557316
36878532
45771879
44076772
19423502
96880961
90871578
81767228
42283326
40884238
59041138
82793258
83996624
44532068
61553676
72265411
80857554
45094884
15492142
66728168
56274494
74344955
71014263
38542863
90861482
88719081
17831059
49307348
74731733
58106023
84664911
27289049
94984555
30436791
71365821
14408058
27317752
62237400
96175286
69601079
3121638
55216425
52394337
87118262
99748493
13948014
59383674
80606048
59042898
74875816
47334216
15317393
49220772
18348480
53860257
40082254
7067561
71691316
89389602
81799295
29797340
74054514
9088345
24781895
4491305
80454166
39189953
31809058
42691567
35365240
1410138
45813206
90581665
53804476
32931469
90330159
67752490
92315143
70936208
26795389
67190960
18270424
42112782
16411732
36618905
95973039
56493987
43686467
67664356
45883590
25485762
97461696
19938104
34574107
22243592
24429409
15028274
61433546
56238468
57719841
96798787
57648606
3533047
87380452
11453082
36464517
77710612
79205573
28779660
48646820
6000962
95970621
66917245
48113745
12382354
3536150
44086785
68876341
47222617
11751142
14759931
72708380
9212838
34698035
7282487
31456431
59127445
22310761
92889977
15365914
80030603
89688764
73014520
83563651
77069217
84467603
20028168
54779830
63673177
48807829
3426650
69674140
44778450
70343895
17787885
57160804
73880046
61874671
26037146
21102663
73625813
40797077
93811044
82838652
75495113
1093531
14295084
34622558
23404293
7185061
49988472
3434896
96873826
23002993
86998547
73943044
7470597
7026716
28722874
71143774
55834545
32149524
40817915
612995
2493420
58605801
57773800
76373466
20480472
83810946
97476130
94106286
24608024
91287174
76944939
103137
92380706
91240023
34725696
15784999
98425085
84714169
19219895
95298912
7717162
6218443
69241956
15187760
13245160
97964831
86331535
69079705
30114356
27149450
69692701
32607776
85755251
27466502
8981243
6235724
11277448
6457374
342010
35885472
97744549
77286949
35988609
90125255
68526973
70714305
5910254
66952058
55428474
25130150
62250970
63145637
31348594
31492926
78333398
44593754
29457757
64664933
13673460
59572113
91814384
83366161
92179890
77569635
10832663
1161134
83805359
22110112
7618508
84147370
57995585
5363057
61434320
93984195
95488313
29961293
64698501
1398568
96913351
20126976
26528719
59164321
83272614
57877313
90657248
61606012
2471068
20115006
26270946
16144529
79687120
18085330
99510690
71867010
95654966
10343354
73028144
79460325
32453467
80646653
63607696
90449053
86009711
25042016
84433248
81498024
55003309
49131749
82896592
51916660
69258726
9425311
11080981
52531340
67302625
1738230
14137353
69773694
21853236
40408299
85918223
1540356
58493629
85428914
73407367
54148596
95772268
46435512
33608921
28225736
27082165
97216618
18674789
13091876
22258634
3108038
94589900
77261943
52239787
77486493
29178603
21498514
86911804
40259585
74029854
54214429
41997815
88167207
23988123
63851051
28575507
9906347
65391408
87069137
95335261
38798775
41217733
91107530
85234287
74826655
19333266
12316453
72043272
38008056
25408329
94301907
41116094
19998230
71563850
93355882
97484723
742453
14854396
84396527
41002038
88884250
38610957
82999854
77051458
62599081
46850906
5626965
72505428
12242314
92696102
67840689
51041090
33913835
58948219
36275378
8740490
78281485
48591831
80783763
16289541
74000160
75085670
57405636
93998390
46649521
50761518
91483113
47391974
65615914
75879641
88394013
54500165
14490598
71393867
31551624
77089679
18244774
37178589
49595108
30487088
29874692
17435797
81528179
63788528
76384016
17803557
72529019
54665502
66395389
53312783
70955044
40395549
28398454
28360680
34393940
75047975
79122198
25877054
22439950
44738113
1756695
10833963
99238278
16247294
82227831
30789902
93336973
472605
67968492
42932081
30959694
97843185
60367879
12487874
61631714
36751896
30291431
34160733
91417398
96686820
87473517
62372443
37082370
15871972
90733123
71476311
90919947
69855322
97353365
13359897
14593435
99110060
24193861
13831714
15357354
6421692
44621617
8694328
6894298
12590110
51626410
37853993
10433296
11994290
50341867
72065010
48746186
80633299
6225744
40163584
77320120
93699262
2536027
14402490
9571234
93269151
85878802
491181
63124473
83232167
13851079
77717909
82342228
38044940
91549624
97699583
44466633
36171242
6393912
51360932
48761352
58020323
89214925
59194648
70014613
39556793
31259658
18760799
20190092
37485403
58924383
97510213
31184665
61460411
11912704
40755899
54729562
97791506
41247081
17854036
81023673
55098160
95571946
63365902
93143101
87121570
61065485
37609735
23292813
67459397
88970668
72054165
25479720
78185593
31248814
95494334
17742387
62508473
14255133
37932480
99993876
73179517
35442693
31178541
34639928
47355397
71934441
89369491
45146903
13181522
7223528
26170577
68279683
2795474
89536479
61422784
89917045
50601965
99032520
13209858
18061362
88003188
85264024
43541083
66188782
16512838
39035418
83931169
79021311
53290551
21863649
79015188
26470068
57306342
10193730
61109997
4661740
82128171
50479489
49808643
95309694
57703017
75979220
63589377
60498492
65515700
25012161
50415538
16117664
24044682
63625397
34179027
12047870
48889421
77720111
78236652
65402260
16755529
62167821
44423572
70046081
84031471
23438760
96516150
41337814
33632490
57626147
45999554
15760662
8105636
95808197
11070356
65808654
71787418
74659734
26307146
37303118
99671896
76722684
53420783
23716578
40348082
87599811
35764448
89237503
65319922
14001100
54639764
82075452
76168922
99063336
52121534
60200393
22502096
48637684
1538207
56134587
6263831
47537761
71895250
14369468
43345958
82965607
80178122
15133376
57625341
6485268
52436495
57297237
83207953
5857278
81013815
23556035
93457089
16778263
12793539
58777012
30779363
67433303
40852465
6948286
66496639
92973999
67148679
88998736
41611683
68686886
45133324
47875515
16224648
17028574
62244983
59570607
99994181
42423105
74703984
57619522
48908374
27140479
14916759
32116328
32997757
95930575
55672364
26454846
12708838
68465903
85231858
43488202
35899207
26084323
50436488
2395846
19058323
17585168
91394583
60670006
86272055
36527907
8545521
2496703
53556481
70790505
62067310
53550663
13213611
36771295
11170185
62121985
63911774
26086945
94238314
96909531
22017520
49910678
23364378
34726359
18376582
8596237
78214561
54275789
34680561
28651050
56671636
53738884
46236218
48066219
14408891
32508274
84594126
22954413
35004977
38150608
93744918
97072288
91701271
6958529
33843583
2871457
69080515
97755357
28958403
63318829
94664889
50975924
13229507
18029267
85702283
31606089
26625505
63916845
85881879
61306066
92567896
42553515
15044951
38804115
90619735
29453842
71312389
75213861
52408255
6317366
13364470
46153173
3389655
5065741
53111703
37233238
7937199
22192218
34988596
36895602
85511047
29653485
87871527
98740554
47682753
73573810
30346644
74308258
37490656
16228523
35614325
30058552
58782039
50659276
68862667
49401774
80113119
40175056
24615636
32521374
46492423
37980106
78674548
49882078
43045848
31786251
87115316
50983047
53978469
22103912
87878650
39489517
51757398
75750177
38230072
99440151
49323988
68576716
73748410
86814644
84805240
9362736
16873196
43587280
60022013
85735864
92989054
40135132
25910920
17604691
72656507
72403344
55584797
51331055
22285422
98630646
83117307
9400739
49613694
37095777
31504652
37492344
76585294
83262051
13242522
14815367
82702202
62566510
83392083
56450613
49381155
68197324
65813349
66254352
11784605
25835363
51990216
4773660
65970495
77901137
22378351
38627002
50304481
77963149
89958058
72589904
76593795
73075366
81990643
26207489
10171144
13495296
63699834
86756438
96757347
76942356
1571805
79459550
39508867
84963889
35910164
88890023
53161214
1723513
55144375
64945820
27558877
7134591
69719480
93529372
85035728
92097831
32156375
35340209
70060980
22114434
7930113
46654776
95189800
89920757
72862265
5360944
3416053
36562099
92117383
173401
13504456
93689189
79632951
53013324
78653079
15543115
41903347
31814294
17266629
97047723
96760114
44825506
4182314
66479594
38354879
89218043
58577426
70511254
24558252
28638406
92625688
32488366
75293183
87815489
22409123
48155448
93176433
25825177
84717548
85293817
25998578
98222005
78983006
5631530
51235329
57636086
21174645
93138677
89450380
38441275
90186400
86210495
83266781
94368715
52690089
21621660
83586758
11267515
92132915
8145011
39905922
84758603
40633377
15199105
72574092
63042501
63354554
65750526
88867679
48072102
51044343
14866257
46294108
30027350
20497788
97529437
87663437
41672433
90668115
77113817
80113709
80854516
63324312
63380490
75223232
16014402
85002151
58809990
27281918
77135066
66955002
67187841
61893670
7588380
82386947
34467762
70630881
45741501
218289
59498560
93813604
51262632
74364818
40107712
81289983
94862606
37637150
68953420
36535040
28305266
46067238
16648749
9159783
9391551
80029240
84383015
25405954
65031391
43193006
52687872
42166458
10148008
19875714
4060128
17736388
2262661
38527891
88367270
48004163
38746180
47865830
41817768
90008813
22230649
81925481
71298797
17093256
19562632
40252218
53628297
47867898
86319456
70277046
57027681
95711008
50306287
41410697
21116962
15337678
84603703
73804835
57504137
94751711
93680550
61564266
12488100
95943211
92158
855370
43947375
38838339
48721201
85765144
28847152
70951850
67690625
145950
88045107
87253257
40398168
41673404
35121156
26717625
11950451
92148838
22428634
62256738
33559535
43545597
77594416
18163238
17350432
35098554
12914950
11030982
96662820
25403050
6974194
96754978
26258420
50921570
35593317
74979621
36686714
64440470
45931472
4377340
64586421
33976579
91630598
4984590
75649984
26751755
31702215
87600435
18900593
54130850
49857173
52460128
97676447
27451590
70623367
15026879
62550144
83538317
26057862
59212965
8941367
33032057
55967944
35199788
83953627
91561262
10179409
20640342
56001732
56110882
25017682
20588154
90087462
16648281
25572744
65737446
43400036
57274959
53337881
62300630
11405809
3195054
14760758
9082257
30646645
85384125
24109137
93196789
68922443
50166999
52409755
77863810
83199056
8377699
13063599
67152684
99938961
23243009
87793026
55940694
79353891
12810709
76528848
69441354
29458991
2101592
35178800
72859027
59376552
88516682
35159657
70782362
91711737
49920416
79864619
22358382
35304542
3973756
15555172
4226985
54140756
67964928
82090796
37339813
76342627
95154395
4492497
76281589
18397405
92285524
32222284
97751296
5096234
8751132
67192650
34555225
10852725
2371451
7414253
70229278
90888134
42573910
41011641
82599871
92494327
20876260
4958254
27798869
24850017
20513426
32025855
78990774
88478354
14116651
16330587
64820982
9271047
20823085
41102572
27668452
13108609
73324856
25419749
18204843
82075989
92612400
52760069
92928715
94983851
60174322
63157993
85871986
2748232
4169634
68471857
95242560
25045895
73430111
23041429
49895913
93943538
55067284
28886687
82421892
69183936
45217275
47242875
78454984
66040360
88345447
6123436
79148970
61670303
31543185
97353814
43746292
24155586
50113883
36675007
19139438
10288205
99833001
5011424
13036438
4002635
73483281
8278998
29048531
46913393
31320428
78944444
40856931
86387713
7831132
23278824
55571649
53048407
70521699
34026633
19088767
58867146
40150070
98237738
20537450
71693256
95591552
64283742
95848842
45705435
958750
14988280
55993640
791751
19999705
69030078
4794387
93482986
77309076
33842918
40396379
8629504
12787363
81253311
95017218
20618495
4532135
50588867
73666902
75053834
84615501
92755670
33920981
24765572
90993408
54458431
96458828
86584960
18742173
92307671
32290396
19700924
7295952
88284036
20492676
27295657
57314115
25287063
20778644
34623191
59129982
61175024
43252696
71917346
42428335
38269914
92535841
46960470
88858782
66202744
22014304
73474284
58958415
55935285
98239856
49951824
10393716
94698685
36536785
29135890
87006356
68827181
48836815
94302308
57111217
69329491
21597966
14425332
94616555
42376610
49048524
53746538
3551634
92301221
25663884
45979970
30571136
18199726
92940440
19429919
84402471
14954745
92904203
43360886
70890031
91144060
93312710
81283748
85842745
29849495
10419638
72849102
98676677
59256454
67151411
55787894
28585945
88749377
70213227
23202501
31125987
19261752
76949040
34677622
11562974
2612925
80657592
42134111
20812651
73598033
61564030
5215123
88552778
54468234
48576009
59442809
45612295
41888720
40726557
31455040
71738216
51146196
4304142
70414893
10402650
71455553
26202788
38988596
60204931
96416016
62191098
91330919
15677769
39140138
26008542
27240743
41753063
6666134
69374855
62565715
80264168
30938886
67780838
68816946
85407121
16356848
28259756
31019416
58245569
68986313
62474457
29983785
20132510
66778600
398679
30535161
38234154
26601468
69523757
98439085
23017484
31714856
89770004
38695254
70854994
15778546
65935998
12608058
22444681
35310853
75173774
2708849
66249739
42954613
71525796
51656860
59311461
99785552
82676276
17557031
68771866
45150733
47540817
88904377
11929334
47939496
19439538
50163488
74540965
88963295
48602573
97558449
20678152
38372578
36253704
91533146
54151125
2189702
4141205
76595806
37500555
79314979
79304656
3750295
22269593
50830453
55407156
81581055
50616006
38083432
99138086
19387872
83234166
46678903
8292249
95163500
94618400
27731787
45326988
69159365
16695083
93929562
66717815
37373235
32302140
2971519
28906382
86453265
5161221
33047587
63049072
42661777
12362567
42353729
46412073
34632160
93184182
1819229
16213216
43800188
39902662
15351302
63188061
23136829
62030205
71480311
18300330
56648606
99212098
63627319
25807971
15907182
57556881
92525787
53280418
89859022
95497306
82186800
76312288
658528
15234388
39361360
43320306
27596956
81715090
89732379
62229117
74899272
91551609
78442333
18699461
31454271
93793635
81887523
54591100
55823841
53367834
72891431
12472447
52579932
36518750
38280419
68487115
94075631
30806206
21767533
83934653
26303513
3954333
60246941
26962042
19188722
99608302
70282348
46785678
81323392
60014728
9014795
56222665
51566338
87457128
74922127
83020609
81250764
56809650
37611710
37074605
10177484
10503141
49547053
62757417
47021891
87827473
31244532
41097523
18633679
53012065
25032177
44937193
56966399
85279119
71899235
76155121
84887421
42181584
22940799
66210814
2196313
31955595
22433480
53762651
19412723
97355607
36783261
663487
54165257
74394971
37738093
64342742
84898113
87285146
27100159
31920004
75112619
58344692
73017528
93746299
11356758
98049705
38683493
68323157
83328824
10582729
44478279
68216246
52764313
67419079
34427060
54960627
99374674
56860541
8723279
18787397
54216148
45506540
19450885
8381406
19901512
57188979
72724148
4799625
44474125
99824308
36719630
19586745
58169000
9737158
13333045
69525759
7786864
52016538
37848916
91115689
62599267
82327196
59331935
15363581
49746275
93758996
70324209
49120949
50619537
79047488
67908347
4835686
24554028
87359232
13217093
44455541
44548211
85941242
49255166
89022337
85765550
85974797
8609083
43934551
95711956
21942129
13460310
3498820
73958667
51309227
94614509
36557935
33636423
53946445
51921517
83382698
47705441
22245726
32503647
98324979
1293215
411994
3160666
25847244
87771227
16377759
70302785
32319439
2319001
19557951
21341777
88084551
5532749
29950860
32019103
1244705
51892989
45479414
4743525
25851657
96788641
99358035
62409593
30425065
53304480
14331110
13807763
1009922
36576837
46311411
99334901
37870052
46723406
2495567
63717296
34494634
18873326
34020082
66814074
21192327
53578034
88155851
9276879
59110783
18106712
41295983
60355488
69999702
86775397
65099013
95851359
83564038
64457048
58260953
13989104
17761528
72592064
27796868
18771450
9168901
74108279
18106352
47038954
20831686
20601920
10756251
55326321
39475247
44776333
22140395
60667575
98354367
10296246
69944454
57465150
28402958
11240438
17820638
98402661
98015835
82919652
94254020
81579874
47376701
52514974
95568978
65138229
25107038
23365846
83909680
34275939
97474126
2016033
81314894
18305812
22617953
92071145
73632133
62093200
36847479
95772529
22760776
35201846
6068775
92705231
92666997
34471734
3945669
10487636
32874395
1961504
93407288
27128416
83541378
40783989
79643390
79110356
5922219
4750429
2476203
89831900
39026369
99950329
91847934
20341263
18256142
14465887
12412409
91888276
76559088
49259888
87660805
99319865
84461735
93729580
92025096
77128732
28201315
95970765
87616369
61075711
97932269
81023657
88204128
81473648
21807647
67847519
60584005
27729867
72597948
63060208
17561768
11624317
63010537
9409702
31965580
81266679
23875590
44377990
73154955
434679
93637878
60815760
99754544
78099613
54545341
91779640
55228346
82746657
87750405
42844715
43822368
85682675
23868373
32026497
67156323
45676021
99874016
27740328
73405889
72471964
90800536
90967657
84096282
53811074
377360
16061863
35077754
24252951
60439853
8232710
24687630
54077732
69048470
24442175
32177346
23593812
16221815
87405692
6340470
3972221
30250408
50162839
89654897
54118782
82189336
56811220
99794804
82063352
84551549
73200693
54535317
75352086
64168351
38631599
29163160
64545711
54693463
64240915
88798663
15133316
72473625
13486293
69211048
41522095
37928468
1388394
65115908
54150284
88794087
71456378
58122506
19044496
21619217
47777403
73163278
3808554
4588624
72958083
85871906
89140173
46158776
40407224
64492260
10327128
79038824
93655420
74872840
33732287
57896335
63671503
48865604
30369961
77157796
18076652
71892056
15086265
19465047
37007965
69236550
8259135
8464344
27359057
27303631
30083562
75136461
466910
33892116
79725085
73424993
19764023
68865259
19583770
60171247
33357519
29910898
39210071
27012940
4783738
72942359
84909276
68455241
21807963
15279237
45613038
39884616
87171294
60699304
59349664
24179259
29935855
67608799
32643604
57294912
94912431
62727166
32431373
95379341
96619282
12156459
68804335
16383305
81021718
88388105
76554553
14379237
18299003
15764625
41392178
23082742
88706984
26301454
91537983
10514948
41580691
37151022
50399564
28751986
97850326
9749228
52931246
27786181
77358028
85574850
85081094
72270459
48302016
17512467
67649801
44921299
29668926
36454136
61304605
10690645
24842242
37859158
25069883
43141246
53623783
66462061
66223988
42330768
92763515
57761972
52845716
34344207
94912995
3245280
63096194
92763321
12994509
16027440
20549503
90352538
1602290
5630597
62622997
49904307
23143065
30272799
94825606
52811991
66726936
56130211
63502636
91569178
93989369
88572519
34710424
47613153
55034581
934413
89943921
47798097
58696385
42789637
82142304
53609380
46034918
45238498
46372702
59029427
61265939
66922205
49381966
62868229
72552803
12004963
12772536
95695868
42277763
7598143
48507860
9004699
63728354
12010497
573877
57717724
583017
35284302
5330878
55617598
36218715
95274799
3415695
94915101
38064437
85558000
48524482
84099355
30796499
94897185
43128783
92062438
61819390
92510749
54930668
34372194
4515713
67703204
30068062
46793476
75301347
78575923
55798176
39029702
90586420
56372054
96747427
91169437
91656356
2078305
46787035
27875072
97353104
50202731
22790174
35417542
35760731
71314656
19516898
66557230
66211841
62645682
58619669
28031232
55156431
13550337
62403426
59672145
81253542
92471489
6465622
56554889
71047412
62263798
95584592
61633833
18635852
92332019
52803270
10292209
94410324
99590306
38167281
91763429
49793037
60957456
27180971
85553769
32272112
46697869
52111000
98483954
9343551
10730669
26515186
64499983
24281006
88918613
24172129
5534548
81390103
30637752
62089438
52437515
92901550
57674031
14071349
11537403
50006050
66874620
21829613
44416375
66464926
59996895
36179805
16257964
20954351
63360776
1811734
53226463
10058646
53922734
51710418
19402198
64653403
78225604
83902182
88934410
67144217
8074311
94468959
48534321
38712063
56558398
971836
31613614
14232429
15043186
43151018
64238480
81917806
64980631
8654856
48382733
24977527
44834661
64640697
45931878
8195437
66452432
99158342
18254084
20375166
50868760
37656282
85028570
29094365
21558464
73962981
96238583
29632776
68431940
44772904
68344839
24990339
45744740
99958454
39222768
60787927
43109472
3461249
42705733
8090103
12116105
91088466
33067631
56950766
55729164
78999509
65146204
22181596
78157851
83400288
42556763
29026612
21056571
27585334
58120977
42615035
1548315
54359560
72247811
69980256
99132464
40592651
94970595
44877205
40551105
34193364
5665132
83660577
37654613
48370866
91750681
49770719
39459332
24818312
6721486
95188497
3817821
71867690
17370094
81975673
55267979
59926857
11002286
76324550
87512191
69123263
18939585
89060507
23482824
91187397
59040763
22615288
31780048
54011359
67492494
72331153
88204723
73157626
55991730
25859337
21528493
47742412
75630057
60987826
72560724
82351543
56176323
76378546
54219233
73546417
58354220
9487212
33473275
69356506
85811762
20985466
38479770
4751348
10045974
61962594
95938745
69086737
84577883
27718794
23098096
52070377
49947
11302820
25228004
56041678
37162158
46756497
3784090
12792215
7744323
76344815
95143758
63920646
52723362
49362992
37467064
11077582
58850204
70940339
80434089
44661967
91925806
18913859
49413316
1971781
80876454
45352061
71058518
65454337
73070855
94156615
17524714
73120803
5459436
42752718
29162481
42621594
89509216
32946572
55413810
97253539
9291388
50557568
61174186
62014750
99920560
98641251
73092333
58770765
69581591
53526423
3432733
61507398
72440283
52846049
63479179
53316737
98198111
34537697
18771074
71268967
28694313
36295789
44389770
34153749
79048508
73552252
76775344
68557724
6498825
32189154
65811264
15790213
82746723
26985450
77804963
82667283
25626702
50897297
41438049
95208293
4423720
44870782
56715691
76864003
97716832
20194870
30180740
95914943
54732568
48951815
67183910
83426881
85247605
11573681
17580631
64296113
85125933
94355976
32853837
91624758
26545130
98665102
7414971
9291853
25650553
85219935
91959137
51277255
36117233
33397187
46485548
40540953
78267969
3201239
17404957
75984802
23396110
47585698
71899746
78128678
96537513
39083656
61555560
81785119
50657337
79136192
46081232
35783271
73492168
78935070
27408030
37299
77600172
34823002
9329152
3250725
20042938
1288290
54527980
56160171
34685477
1013529
96701125
12953447
4214769
14106082
88938249
27610879
61691780
60837995
5739558
58229294
99921652
67295119
40014413
50578990
46431311
86095646
86362261
19923480
65030716
13770291
19960779
42630888
48593293
29289932
45881613
68636231
30578222
409594
24796403
65263699
1423123
21497528
78217146
5637892
35603610
67155395
33248772
97295391
27993391
38988330
55524685
27915043
6283449
95539099
78494033
52714761
81634745
64856294
72638241
46665461
78626586
92599021
89296350
27219880
21888953
35177964
95856112
52467175
35587558
20652515
17730874
37010682
42150043
95948021
42648574
77753654
63103416
75897347
75049045
91096807
14885677
30573731
19011850
21169127
26112830
97505883
73883889
7747576
62362178
46522131
54413038
40988765
39121152
43709388
68208645
61010106
78887352
64064758
13477281
14474910
84717273
31208156
51485593
26867317
27156177
94134167
4620972
90259594
70031515
79670018
81356401
84917192
10243749
368252
6086320
36356580
97874136
79970210
44104156
60236315
26492341
98517194
1225080
65613494
42226582
69433726
26623600
21113935
33498484
40100882
35588845
18215758
71309038
87074439
45083076
98465216
81208606
49704048
88724810
51240122
29374066
70081212
36157314
39617816
70449464
42243635
75974396
68323601
22213845
20078553
28559916
48706186
18595748
29784997
14319680
60822331
99218723
40943281
81936266
32717207
81044163
17525112
50932966
52353201
4599551
96016042
50818418
85808158
45720091
39543228
37048280
75094158
9624440
73205595
14711974
80073905
15449231
90686371
48397506
37663076
10764924
76957423
86369263
29360673
6742420
688944
90183004
5961144
41632225
72119271
38678352
22676388
89644383
89611318
75029590
94243935
85627361
25848008
80052093
31347453
65391237
17100374
6441611
75015677
90305969
21153585
55089583
5755200
11839957
3487090
43418277
22604881
80444513
29787540
51965555
87186934
30476485
42148559
93148078
72108710
14267830
31826431
94785099
3912214
21437749
69814690
98156149
7065111
95662699
78208242
38412564
61053936
95308617
44854175
36069614
85614586
66007761
91159198
91369787
77847718
94646288
34788064
452600
75090802
64575605
52418155
62277736
95052090
94566715
55425815
67160801
8834545
87252246
61945901
12746760
8689996
31760592
10902909
15755108
27423291
89111152
54167672
88477228
84419769
99021848
24546843
70034356
65029609
15706040
61404144
42877327
10352329
96192208
43329928
85443131
60767814
95748083
47720868
55819904
90314799
3146683
22980706
99149345
90398930
84926607
11896105
99088927
16687199
22799014
14844035
44110491
11910167
69011708
32587719
96329936
68033556
57134562
66364293
33063165
72840603
27768437
75940493
83192933
23960645
19270421
68636064
84728460
15018505
16356932
40548365
5333304
19503616
63529071
4482650
9902547
48455679
16378755
8991474
65142879
39177769
23835510
9253370
51087937
92847218
41841090
47417874
60880774
98975653
13782167
93943940
71816256
41550604
69884433
55009189
65511250
89154855
23645254
50239710
4173361
40002186
90788075
9506666
59505803
54317147
13989316
69408350
2772826
30368071
78399825
67915706
69545841
2235336
77169076
20633778
95082555
19010167
68051652
55963330
17985820
81833820
49907270
89802077
23384424
19791704
44811267
88895674
8946560
68456521
39135385
13119921
8458708
29923461
22626587
