500
276818
692121
589783
990205
626978
681095
99437
971887
683256
307221
428233
111922
754827
428752
420758
784379
789529
293394
86501
475253
41817
178438
822001
174298
1001
445041
755957
5431
275424
250682
913702
552243
942803
503485
542449
569782
184581
641886
541669
867838
949108
969903
979760
703935
398655
400519
488315
188184
693913
574816
663438
735730
753255
485440
910029
754256
930481
665986
759687
205906
916669
673390
758149
859472
176876
300598
429254
361457
942485
970924
229295
891594
940827
209056
595530
339482
609575
83845
527667
303489
658662
191105
39219
411918
676545
949248
166174
607027
615235
925862
812933
531904
599252
571082
391377
776128
871681
820632
137586
814167
791556
366882
705761
732384
575939
301292
71866
185515
385137
599534
489004
43800
790639
528224
455718
467185
477472
621893
74212
92708
547755
887145
624612
147007
458228
15990
923136
329910
836623
60723
144077
628179
427606
849839
360563
3545
151131
432430
189060
536269
31965
678064
580070
822604
206288
35789
289790
683761
657682
364002
776470
205437
251148
401083
352445
709377
417073
275581
39287
253696
336305
183365
881876
763911
33205
242440
767457
184337
674871
956517
720607
706836
634582
300677
529441
840871
336466
819231
524633
994149
183234
301103
199586
434383
702187
552031
143760
119260
827613
183048
372957
163919
366414
254834
927830
399619
497274
695287
583956
172146
651805
304563
878982
286388
605241
408424
127259
941708
227656
651893
935857
410890
952996
135444
845274
655183
687476
989035
774444
515089
172083
147402
679009
538497
402237
606839
938117
899512
302127
522073
71658
953933
826637
950641
240321
431878
359065
367581
373586
586721
19474
309444
997612
972471
444888
842886
627654
132364
831921
402099
647454
4005
549502
326463
542503
951739
933303
480620
851251
235431
2694
922909
189364
829331
873550
429685
261210
232616
797266
634796
819337
816741
944241
816949
789212
389129
659836
416866
521494
491758
818966
168949
495763
368469
495412
38267
320208
428715
518887
171460
664147
521581
94369
853511
350913
967920
283197
612123
200537
80464
246920
19874
897205
191161
836824
686417
580291
496660
103284
101785
988418
922250
270734
484182
290720
766147
522449
610928
194863
41336
782388
859010
562918
876758
712521
913831
844679
995719
525954
45216
76183
772874
65091
973388
964036
901915
659805
544327
398575
763089
646113
386994
685340
916848
871176
976060
682996
393626
586989
877859
434963
369378
736869
997881
246137
449391
911713
90817
445110
437668
136034
521293
210543
201125
494682
174579
103041
154487
718907
501616
917577
365021
888611
602918
281869
759788
578979
964865
153414
165968
842725
588377
535347
579595
586259
781484
28986
497972
872301
474097
935641
8336
995391
146184
209461
490073
320764
312502
644561
39671
814119
562139
404692
702730
165057
686562
462519
744036
651428
615933
910005
494154
204310
445352
73749
790569
226836
102736
288542
99138
576834
224183
107474
572225
370368
316936
62299
691132
629439
706861
730803
443559
269000
135496
146289
434058
822059
608809
178094
473488
224742
88100
967642
429053
533452
41391
219623
760289
144128
508165
859427
720962
732349
966902
293187
102717
283839
355487
793849
913278
62348
524653
356837
331349
660150
503127
765407
482209
111936
943502
955698
336679
31602
923340
765732
565054
964732
985355
325343
108860
493520
184771
829822
225870
151674
123010
328587
435513
478498
122437
348792
540846
647091
705630
872196
307241
208758
637603
789451
320694
